frame	x1	y1	x2	y2	confidence	cluster
0	-0.2552	-0.4081	0.1745	0.4125	0.8442	-1
1	-0.2563	-0.4104	0.1733	0.4165	0.865	-1
2	-0.2578	-0.4042	0.1724	0.4214	0.8843	-1
3	-0.2598	-0.4015	0.172	0.4397	0.8565	-1
4	-0.2596	-0.396	0.1719	0.4405	0.8505	-1
5	-0.2595	-0.3959	0.1719	0.4365	0.8489	-1
6	-0.2573	-0.3901	0.1722	0.446	0.8566	-1
7	-0.2548	-0.3858	0.1729	0.4531	0.8391	-1
8	-0.2553	-0.3818	0.1742	0.4466	0.8394	-1
9	-0.2554	-0.3768	0.1754	0.4618	0.8938	-1
10	-0.2551	-0.3766	0.1754	0.461	0.8982	-1
11	-0.2545	-0.3742	0.1766	0.4774	0.9041	-1
12	-0.2528	-0.3723	0.1781	0.4752	0.9103	-1
13	-0.251	-0.3744	0.1786	0.4638	0.8562	-1
14	-0.251	-0.3748	0.1786	0.4632	0.8583	-1
15	-0.2517	-0.3771	0.1783	0.4474	0.8066	-1
16	-0.252	-0.3834	0.1762	0.4259	0.8113	-1
17	-0.2519	-0.3871	0.1751	0.4384	0.8415	-1
18	-0.2536	-0.3945	0.1741	0.3825	0.7962	-1
19	-0.253	-0.4044	0.1733	0.4151	0.7776	-1
20	-0.2531	-0.4051	0.1733	0.4157	0.7744	-1
21	-0.2542	-0.4068	0.1722	0.4127	0.8582	-1
22	-0.2554	-0.4051	0.1709	0.4075	0.8459	-1
23	-0.2599	-0.408	0.17	0.4105	0.7524	-1
24	-0.266	-0.3996	0.1693	0.4269	0.4424	-1
25	-0.2643	-0.3996	0.1692	0.4273	0.4452	-1
26	-0.4885	-0.3905	0.1702	0.4618	0.3426	-1
27	-0.4917	-0.3865	0.1716	0.4706	0.261	-1
28	-0.4914	-0.3871	0.1728	0.4609	0.2537	-1
29	-0.4934	-0.384	0.1737	0.4804	0.2504	-1
31	-0.2527	-0.3832	0.1737	0.4786	0.3973	-1
31	-0.4521	-0.3818	0.1741	0.4803	0.2664	-1
33	-0.2508	-0.3857	0.1749	0.4869	0.2565	-1
34	-0.4946	-0.3844	0.1757	0.4889	0.533	-1
35	-0.4943	-0.3842	0.1756	0.4897	0.5038	-1
36	-0.4949	-0.4124	0.1758	0.4801	0.7463	-1
37	-0.494	-0.4082	0.1756	0.4725	0.6143	-1
38	-0.4932	-0.4007	0.1742	0.46	0.6741	-1
39	-0.4929	-0.4042	0.1729	0.4701	0.4414	-1
40	-0.4928	-0.4041	0.1729	0.4707	0.4411	-1
41	-0.4932	-0.398	0.1711	0.4683	0.498	-1
42	-0.4932	-0.4025	0.1703	0.4741	0.6592	-1
43	-0.4915	-0.3945	0.1689	0.4783	0.7904	-1
44	-0.4919	-0.3984	0.168	0.4736	0.7621	-1
45	-0.492	-0.4013	0.1679	0.4741	0.7741	-1
46	-0.4936	-0.423	0.1684	0.4655	0.8022	-1
47	-0.4917	-0.442	0.1689	0.4764	0.801	-1
48	-0.4921	-0.3824	0.17	0.4732	0.5705	-1
49	-0.4915	-0.3906	0.1705	0.4805	0.474	-1
50	-0.4916	-0.3856	0.1705	0.4809	0.4248	-1
54	-0.4918	-0.4047	0.1687	0.4086	0.4462	-1
55	-0.4918	-0.4024	0.1687	0.4065	0.4876	-1
56	-0.4929	-0.396	0.1691	0.4135	0.6435	-1
359	-0.4974	-0.337	0.1187	0.4978	0.8458	-1
359	-0.0936	0.3583	-0.0589	0.4964	0.512	-1
360	-0.4978	-0.3994	0.0842	0.4978	0.8665	-1
360	-0.0933	0.3602	-0.0586	0.4969	0.5441	-1
361	-0.4977	-0.5	0.0463	0.4978	0.8568	0
361	-0.0928	0.3618	-0.0583	0.497	0.6195	-1
362	-0.4976	-0.5	0.0171	0.4981	0.8803	0
362	-0.0925	0.3625	-0.0588	0.4975	0.5177	-1
363	-0.4977	-0.5	-0.0104	0.4964	0.8617	0
364	-0.4978	-0.5	-0.0104	0.4964	0.866	0
365	-0.4978	-0.5	-0.0482	0.4964	0.9172	0
366	-0.4975	-0.5	-0.0624	0.4964	0.9078	0
367	-0.4972	-0.5	-0.0615	0.4994	0.6017	0
368	-0.4974	-0.5	-0.0659	0.4979	0.7267	0
369	-0.4974	-0.5	-0.0665	0.498	0.7315	0
371	-0.4979	-0.5	-0.0646	0.4978	0.2746	0
372	-0.3734	-0.5	-0.0804	-0.117	0.4132	-1
372	-0.4983	-0.5	-0.0752	0.497	0.3934	0
375	-0.0557	-0.029	0.0293	0.0796	0.2958	-1
376	0.1485	0.4589	0.196	0.4959	0.4652	-1
377	-0.1562	-0.0207	0.1061	0.4798	0.7258	-1
377	0.1815	0.4711	0.2081	0.4976	0.5734	-1
377	0.1532	0.456	0.1783	0.4895	0.2992	-1
378	-0.1491	-0.0041	0.1089	0.4829	0.8637	-1
379	-0.1496	-0.0041	0.109	0.4825	0.865	-1
380	-0.4995	0.1407	-0.418	0.4983	0.281	-1
381	-0.4994	0.1407	-0.418	0.4982	0.2583	-1
382	-0.2237	-0.373	-0.0251	-0.2485	0.8428	-1
382	-0.1322	0.0159	0.1237	0.4931	0.8333	-1
383	-0.2273	-0.3502	-0.0203	-0.2296	0.8213	-1
383	-0.1302	0.0259	0.1342	0.4942	0.5044	-1
384	-0.2237	-0.3197	-0.0153	-0.2055	0.8266	-1
384	-0.1378	-0.0361	0.1494	0.4959	0.6841	-1
385	-0.1257	-0.0237	0.1593	0.4971	0.8676	-1
385	-0.2104	-0.3031	-0.005	-0.1865	0.7072	-1
386	-0.1209	-0.012	0.1458	0.4945	0.9046	-1
386	-0.193	-0.295	0.0062	-0.1755	0.7241	-1
386	0.0848	0.2361	0.3914	0.4961	0.6026	-1
386	-0.2088	-0.1231	-0.1636	-0.049	0.2519	-1
387	-0.1091	-0.004	0.1519	0.4874	0.8592	-1
387	-0.1716	-0.2923	0.0166	-0.1737	0.7367	-1
387	-0.1914	-0.1175	-0.1465	-0.0453	0.277	-1
388	-0.1021	-0.0047	0.157	0.4659	0.8056	-1
388	-0.1552	-0.2972	0.0249	-0.1769	0.6745	-1
388	-0.0554	-0.2458	0.0261	-0.1703	0.3236	-1
389	-0.1015	-0.0047	0.1569	0.466	0.787	-1
389	-0.1552	-0.2971	0.0249	-0.1771	0.6675	-1
389	-0.0553	-0.2459	0.0261	-0.1703	0.355	-1
390	-0.1383	-0.3123	0.0316	-0.1827	0.8025	-1
390	-0.0945	0.0033	0.1627	0.4436	0.469	-1
390	0.0368	0.2055	0.3916	0.4972	0.3423	-1
390	-0.0462	-0.2622	0.0329	-0.1775	0.2614	-1
391	-0.1275	-0.3296	0.043	-0.1888	0.7978	-1
391	-0.083	-0.0112	0.1685	0.3693	0.5569	-1
391	0.0416	0.2086	0.3916	0.4974	0.2744	-1
392	-0.1138	-0.332	0.0508	-0.1946	0.7622	-1
392	0.0432	0.2107	0.3907	0.4978	0.4433	-1
392	-0.2656	0.2189	-0.0834	0.4987	0.3469	-1
393	-0.1055	-0.3395	0.0569	-0.2013	0.7665	-1
394	-0.1055	-0.3397	0.0569	-0.2014	0.7681	-1
396	-0.3209	0.1869	-0.0845	0.5	0.7397	-1
396	-0.0867	-0.3754	0.1658	0.3231	0.3334	-1
397	-0.3209	0.187	-0.0845	0.5	0.7223	-1
397	-0.0872	-0.3754	0.1658	0.3216	0.3133	-1
398	-0.3132	0.1866	-0.0715	0.4999	0.6229	-1
398	-0.401	0.0559	-0.3205	0.1744	0.5418	-1
399	0.1036	0.2416	0.3926	0.4979	0.6819	-1
399	-0.3925	0.04	-0.3124	0.1544	0.5824	-1
399	-0.3948	-0.4022	0.1491	0.4991	0.4134	-1
400	-0.4248	-0.4165	0.1441	0.5	0.8576	-1
400	0.1293	0.2517	0.394	0.4993	0.5972	-1
400	-0.388	0.0201	-0.3116	0.1375	0.3411	-1
401	-0.4338	-0.4302	0.1414	0.5	0.8566	-1
402	-0.4327	-0.4269	0.1405	0.5	0.9202	-1
403	-0.4335	-0.4252	0.1403	0.5	0.9155	-1
404	-0.4334	-0.4252	0.1403	0.5	0.915	-1
405	-0.4357	-0.4244	0.1368	0.5	0.9238	-1
406	-0.4377	-0.4262	0.1345	0.5	0.9287	-1
407	-0.4374	-0.4265	0.1352	0.4999	0.8999	-1
407	0.1307	0.2538	0.3944	0.4995	0.5574	-1
408	-0.4269	-0.4052	0.1387	0.5	0.8855	-1
408	0.1144	0.247	0.3919	0.4983	0.6103	-1
409	-0.4269	-0.405	0.1387	0.5	0.8865	-1
409	0.1144	0.247	0.3917	0.4983	0.6097	-1
466	-0.4964	-0.5	0.4888	0.4962	0.7673	0
467	-0.4952	-0.5	0.4886	0.4963	0.7964	0
468	-0.4965	-0.5	0.4944	0.4954	0.8055	0
469	-0.4965	-0.5	0.4944	0.4954	0.8055	0
470	-0.4956	-0.5	0.4877	0.4957	0.8165	0
471	-0.4963	-0.5	0.4879	0.4958	0.8065	0
472	-0.4972	-0.5	0.4879	0.4954	0.8077	0
473	-0.4981	-0.5	0.4888	0.4949	0.8069	0
474	-0.4981	-0.5	0.4888	0.4949	0.807	0
475	-0.4998	-0.5	0.4875	0.495	0.8243	0
476	-0.4997	-0.5	0.4883	0.4953	0.8101	0
477	-0.4997	-0.5	0.4884	0.4953	0.8093	0
478	-0.4994	-0.5	0.4874	0.4955	0.8059	0
479	-0.4996	-0.5	0.4879	0.4951	0.8007	0
480	-0.4993	-0.5	0.4887	0.4951	0.8034	0
481	-0.4988	-0.5	0.4897	0.4954	0.8118	0
482	-0.4977	-0.5	0.4905	0.4956	0.8009	0
483	-0.4974	-0.5	0.49	0.4953	0.805	0
484	-0.4975	-0.5	0.49	0.4954	0.8044	0
485	-0.4971	-0.5	0.4896	0.4956	0.8038	0
486	-0.4966	-0.5	0.4885	0.496	0.8058	0
487	-0.4963	-0.5	0.4885	0.4957	0.7921	0
488	-0.4956	-0.5	0.4893	0.4957	0.7875	0
489	-0.4956	-0.5	0.4892	0.4957	0.7875	0
490	-0.4957	-0.5	0.4902	0.4958	0.7846	0
491	-0.4956	-0.5	0.4895	0.4955	0.7814	0
492	-0.4956	-0.5	0.4895	0.4955	0.7807	0
493	-0.4952	-0.5	0.4902	0.4954	0.7873	0
494	-0.4948	-0.5	0.4897	0.4955	0.759	0
495	-0.4951	-0.5	0.4881	0.4953	0.7529	0
496	-0.496	-0.5	0.4895	0.4951	0.731	0
497	-0.496	-0.5	0.4896	0.4956	0.7541	0
498	-0.4967	-0.5	0.4894	0.4955	0.7761	0
499	-0.4967	-0.5	0.4893	0.4955	0.7763	0
500	-0.496	-0.5	0.4881	0.4952	0.7917	0
501	-0.1641	0.0515	0.4748	0.3487	0.6585	-1
502	-0.0626	0.0731	0.4715	0.366	0.6542	-1
503	-0.0457	0.0753	0.4731	0.3654	0.7865	-1
504	-0.0402	0.0773	0.464	0.3606	0.8012	-1
505	-0.0396	0.0766	0.4823	0.3708	0.8596	-1
506	-0.045	0.0756	0.4808	0.3689	0.8572	-1
507	-0.0467	0.0722	0.4821	0.3675	0.8587	-1
508	-0.0468	0.072	0.4817	0.3679	0.8597	-1
509	-0.0457	0.0714	0.4905	0.3545	0.8225	-1
510	-0.0456	0.069	0.4916	0.3564	0.8375	-1
511	-0.042	0.0722	0.4881	0.3734	0.8687	-1
512	-0.0464	0.0785	0.4944	0.3678	0.8076	-1
512	-0.0463	0.0809	0.1859	0.2829	0.4019	-1
513	-0.04	0.0748	0.4992	0.3476	0.5562	-1
513	-0.0397	0.0814	0.1842	0.2693	0.4396	-1
514	-0.0386	0.0746	0.4992	0.3476	0.5652	-1
514	-0.037	0.0813	0.1841	0.2684	0.4373	-1
515	-0.0359	0.0739	0.4979	0.3651	0.7544	-1
515	-0.0324	0.0795	0.1834	0.2621	0.4267	-1
516	-0.0426	0.0833	0.4949	0.3727	0.8744	-1
517	-0.0217	0.1233	0.494	0.3759	0.8167	-1
518	-0.0222	0.1232	0.4931	0.3746	0.8011	-1
519	-0.0226	0.1214	0.4924	0.3748	0.7608	-1
520	-0.0214	0.1093	0.4906	0.3739	0.8166	-1
521	-0.0101	0.0878	0.482	0.3732	0.6654	-1
522	0.0142	0.1374	0.4695	0.3771	0.5557	-1
523	0.0024	0.1555	0.4693	0.3772	0.5686	-1
524	-0.0025	0.155	0.4692	0.3773	0.5518	-1
525	0.0384	0.1528	0.4689	0.3763	0.6164	-1
526	0.057	0.1581	0.4691	0.3754	0.5355	-1
527	0.1029	0.1785	0.4709	0.3744	0.7559	-1
528	0.1209	0.1805	0.4685	0.3746	0.8264	-1
529	0.1203	0.1822	0.4667	0.3758	0.8361	-1
530	0.1429	0.1835	0.4675	0.3743	0.85	-1
531	0.1463	0.1845	0.469	0.3727	0.8595	-1
532	0.1476	0.1837	0.4773	0.3693	0.8595	-1
533	0.1469	0.1833	0.4724	0.3617	0.8212	-1
534	0.1471	0.1831	0.4722	0.3631	0.8212	-1
535	0.1402	0.1825	0.4738	0.3434	0.5172	-1
536	0.1343	0.1811	0.4756	0.3485	0.4022	-1
538	0.1267	0.1808	0.4804	0.3378	0.5239	-1
539	0.1268	0.1808	0.4808	0.3385	0.5262	-1
540	0.1427	0.1833	0.4754	0.3442	0.6171	-1
541	0.1417	0.1834	0.4792	0.339	0.3941	-1
591	-0.4991	-0.5	0.0789	0.4955	0.9066	0
592	-0.499	-0.5	0.0814	0.4957	0.9147	0
593	-0.4987	-0.5	0.0816	0.4958	0.9131	0
594	-0.4987	-0.5	0.0818	0.4958	0.9129	0
595	-0.4983	-0.5	0.0836	0.4952	0.9171	0
596	-0.4983	-0.5	0.0849	0.4954	0.9124	0
597	-0.4984	-0.5	0.0926	0.4951	0.9085	0
598	-0.4986	-0.5	0.0919	0.4952	0.9039	0
599	-0.4986	-0.5	0.0917	0.4952	0.9046	0
600	-0.4982	-0.5	0.0907	0.4951	0.9091	0
601	-0.4979	-0.5	0.0915	0.495	0.913	0
602	-0.4981	-0.5	0.1009	0.495	0.9116	0
603	-0.4982	-0.5	0.1057	0.495	0.9144	0
604	-0.4982	-0.5	0.1055	0.495	0.9145	0
605	-0.4983	-0.5	0.1062	0.4955	0.9148	0
606	-0.4982	-0.5	0.1061	0.4957	0.9151	0
607	-0.4982	-0.5	0.1091	0.4955	0.9135	0
608	-0.4982	-0.5	0.1128	0.4955	0.9111	0
609	-0.4982	-0.5	0.1128	0.4955	0.9117	0
610	-0.4983	-0.5	0.1513	0.4973	0.8685	0
611	-0.499	-0.5	0.1517	0.4978	0.8574	0
612	-0.4987	-0.5	0.153	0.4976	0.8598	0
613	-0.4984	-0.5	0.1518	0.4978	0.8645	0
614	-0.4984	-0.5	0.1517	0.4978	0.8631	0
615	-0.4985	-0.5	0.1515	0.4977	0.8651	0
616	-0.4985	-0.5	0.1512	0.4978	0.8607	0
617	-0.4987	-0.5	0.1516	0.4975	0.8581	0
618	-0.4988	-0.5	0.1507	0.4974	0.8612	0
619	-0.4988	-0.5	0.1505	0.4974	0.8609	0
620	-0.4983	-0.5	0.1509	0.4974	0.862	0
621	-0.4985	-0.5	0.1498	0.4974	0.8581	0
622	-0.4985	-0.5	0.1508	0.4974	0.8593	0
623	-0.4985	-0.5	0.1516	0.4973	0.8644	0
624	-0.4985	-0.5	0.1517	0.4973	0.8648	0
625	-0.4986	-0.5	0.1528	0.4973	0.8657	0
626	-0.4982	-0.5	0.1538	0.4974	0.8676	0
626	0.1792	0.3792	0.2478	0.4985	0.2805	-1
627	-0.4983	-0.5	0.1552	0.4974	0.8624	0
627	0.179	0.3798	0.2483	0.4971	0.2776	-1
628	-0.4983	-0.5	0.1552	0.4974	0.862	0
628	0.179	0.3798	0.2478	0.4981	0.2861	-1
629	-0.4983	-0.5	0.1548	0.4973	0.8594	0
629	0.1793	0.3793	0.2495	0.4971	0.4281	-1
630	-0.4987	-0.5	0.1561	0.4971	0.8624	0
630	0.1793	0.379	0.248	0.4982	0.3244	-1
631	-0.499	-0.5	0.1586	0.4969	0.8635	0
631	0.179	0.3749	0.2495	0.4985	0.2575	-1
632	-0.4994	-0.5	0.1591	0.4969	0.8668	0
633	-0.4993	-0.5	0.1607	0.497	0.8682	0
634	-0.4993	-0.5	0.1605	0.497	0.8686	0
635	-0.4992	-0.5	0.161	0.4972	0.8659	0
636	-0.4992	-0.5	0.1611	0.4972	0.8657	0
637	-0.4991	-0.5	0.176	0.4974	0.8271	0
638	-0.4992	-0.5	0.1932	0.4975	0.8122	0
639	-0.4991	-0.5	0.2122	0.4976	0.7955	0
640	-0.499	-0.5	0.2323	0.4977	0.795	0
641	-0.5	-0.5	0.2971	0.4988	0.7937	0
642	-0.5	-0.5	0.2996	0.4992	0.7906	0
643	-0.4989	-0.5	0.2828	0.4992	0.7952	0
644	-0.4989	-0.5	0.2824	0.4991	0.7963	0
645	-0.4987	-0.5	0.2841	0.4992	0.7865	0
646	-0.4991	-0.4847	0.287	0.499	0.7836	-1
647	-0.5	-0.5	0.2906	0.4997	0.8047	0
648	-0.4998	-0.5	0.2955	0.5	0.8267	0
649	-0.4998	-0.5	0.2956	0.5	0.8229	0
650	-0.496	-0.5	0.2946	0.4975	0.7873	0
651	-0.4963	-0.5	0.3014	0.4977	0.7818	0
652	-0.4963	-0.5	0.3015	0.4977	0.7825	0
653	-0.4952	-0.5	0.3014	0.4975	0.7805	0
654	-0.4951	-0.5	0.3075	0.4976	0.7855	0
655	-0.4884	-0.4945	0.31	0.4969	0.7645	-1
656	-0.4976	-0.5	0.3191	0.4975	0.802	0
657	-0.4978	-0.5	0.3216	0.4983	0.8352	0
658	-0.496	-0.4809	0.3261	0.4955	0.775	-1
658	-0.1248	-0.1212	-0.085	-0.0651	0.3651	-1
659	-0.496	-0.4802	0.3257	0.4955	0.7772	-1
659	-0.1248	-0.1212	-0.085	-0.0651	0.353	-1
660	-0.4903	-0.4957	0.3361	0.4966	0.7022	-1
661	-0.4884	-0.4508	0.3439	0.4968	0.6081	-1
661	-0.1246	-0.1136	-0.0895	-0.0646	0.3247	-1
662	-0.4886	-0.2269	0.3252	0.4955	0.6577	-1
662	-0.1249	-0.1105	-0.0899	-0.0634	0.5205	-1
663	-0.4897	-0.2195	0.3177	0.4962	0.6566	-1
663	-0.1252	-0.109	-0.0889	-0.0617	0.6313	-1
663	0.0819	-0.2023	0.1229	-0.1725	0.3263	-1
664	-0.4897	-0.2198	0.3178	0.4962	0.6558	-1
664	-0.1252	-0.109	-0.0889	-0.0617	0.6276	-1
664	0.082	-0.2021	0.1225	-0.1725	0.3212	-1
665	-0.4918	-0.2216	0.3199	0.4964	0.7159	-1
665	0.0822	-0.2046	0.1247	-0.1692	0.7109	-1
665	-0.1254	-0.1069	-0.0889	-0.058	0.6395	-1
666	0.0817	-0.2048	0.1255	-0.1647	0.7283	-1
666	-0.4873	-0.2034	0.3195	0.4959	0.6747	-1
667	0.0813	-0.2074	0.1275	-0.1604	0.7349	-1
667	-0.4918	-0.2101	0.3145	0.496	0.6245	-1
668	0.0794	-0.2075	0.1255	-0.1548	0.7749	-1
668	-0.4949	-0.1996	0.3143	0.4962	0.5947	-1
669	0.0793	-0.2076	0.1256	-0.1548	0.7758	-1
669	-0.4948	-0.1997	0.3143	0.4962	0.5871	-1
670	0.0782	-0.2038	0.1249	-0.1488	0.7712	-1
670	-0.4739	-0.1982	0.3344	0.4981	0.4117	-1
670	-0.1298	-0.0835	-0.0933	-0.0335	0.3654	-1
670	-0.0052	-0.4098	0.007	-0.3742	0.3054	-1
670	0.0293	-0.1105	0.1031	0.0028	0.2979	-1
671	-0.1304	-0.0785	-0.0936	-0.0273	0.646	-1
671	0.0787	-0.2014	0.1271	-0.1442	0.477	-1
671	0.0303	-0.1043	0.1022	0.0074	0.4042	-1
671	-0.4734	-0.2021	0.3364	0.4989	0.3651	-1
672	0.077	-0.1978	0.1336	-0.1411	0.5611	-1
672	-0.2574	-0.1919	0.3666	0.4994	0.3968	-1
672	-0.1309	-0.076	-0.0947	-0.0194	0.3765	-1
672	0.031	-0.0992	0.1017	0.0089	0.3096	-1
673	0.0341	-0.0962	0.1008	0.0142	0.5973	-1
673	-0.2255	-0.1969	0.3585	0.4988	0.5211	-1
673	0.075	-0.1984	0.1403	-0.1346	0.4656	-1
673	0.0197	-0.3306	0.0346	-0.3058	0.3443	-1
674	0.0338	-0.0962	0.1008	0.0143	0.5571	-1
674	-0.2253	-0.1967	0.3586	0.4988	0.5284	-1
674	0.0751	-0.1984	0.1403	-0.1346	0.4795	-1
674	0.0199	-0.3307	0.0346	-0.3062	0.3254	-1
675	0.0319	-0.0926	0.0998	0.0195	0.602	-1
675	-0.0486	0.3977	-0.0022	0.5	0.5283	-1
675	-0.3547	-0.1892	0.3533	0.4982	0.4275	-1
675	0.0741	-0.1875	0.1263	-0.1308	0.3036	-1
675	-0.0111	0.0244	0.028	0.0884	0.2651	-1
676	0.0722	-0.1754	0.1179	-0.124	0.536	-1
676	-0.0028	-0.4507	0.0133	-0.4013	0.3149	-1
676	-0.1733	-0.1803	0.3514	0.4982	0.2649	-1
676	-0.048	0.4068	-0.0038	0.4997	0.2532	-1
677	0.07	-0.1711	0.1157	-0.1166	0.8262	-1
677	-0.069	-0.1661	0.3589	0.4984	0.5087	-1
677	-0.0458	0.4128	-0.0052	0.4999	0.4968	-1
678	0.0695	-0.1631	0.1108	-0.1134	0.8084	-1
678	-0.0453	0.4177	-0.0069	0.4976	0.7385	-1
678	-0.025	-0.0699	0.0944	0.1101	0.7248	-1
678	-0.1364	-0.045	-0.1025	0.0007	0.4482	-1
678	-0.0385	0.1791	-0.023	0.2082	0.3147	-1
678	-0.1911	0.3471	-0.1801	0.3782	0.3062	-1
678	0.1426	-0.039	0.157	-0.0031	0.2545	-1
679	0.0694	-0.1632	0.1108	-0.1134	0.8085	-1
679	-0.0454	0.4178	-0.0069	0.4976	0.7389	-1
679	-0.0249	-0.0699	0.0944	0.1099	0.7366	-1
679	-0.1364	-0.0451	-0.102	-0.0012	0.4505	-1
679	-0.0385	0.1791	-0.023	0.2082	0.3225	-1
679	-0.1911	0.3471	-0.1801	0.3782	0.3119	-1
679	0.1426	-0.0389	0.157	-0.0031	0.2546	-1
680	0.0744	-0.1534	0.1099	-0.108	0.7654	-1
680	-0.0454	0.4202	-0.0084	0.498	0.747	-1
680	0.0278	-0.0665	0.0925	0.0422	0.3777	-1
680	-0.0401	0.1843	-0.0242	0.213	0.3139	-1
680	-0.1656	-0.1457	0.3648	0.4981	0.3104	-1
681	-0.0435	0.4227	-0.0097	0.4976	0.7307	-1
681	-0.1667	-0.1251	0.367	0.498	0.6014	-1
681	0.0082	-0.5	0.0641	-0.409	0.3645	-1
681	-0.1651	-0.076	0.0906	0.311	0.2582	-1
682	-0.0402	0.425	-0.0103	0.4976	0.8035	-1
682	-0.1648	-0.0967	0.3671	0.498	0.5528	-1
682	-0.167	0.013	-0.0572	0.3268	0.3813	-1
682	-0.1426	-0.0309	-0.1073	0.0154	0.3367	-1
682	-0.1951	0.3616	-0.185	0.3933	0.2905	-1
682	-0.0431	0.19	-0.0258	0.2204	0.2788	-1
683	-0.1698	0.0146	-0.0612	0.3259	0.8598	-1
683	-0.0418	0.4264	-0.0117	0.4987	0.8225	-1
683	-0.1964	0.3631	-0.1862	0.3949	0.5026	-1
683	-0.195	0.4217	-0.1778	0.4635	0.4298	-1
683	-0.0442	0.1966	-0.029	0.2217	0.317	-1
684	-0.1698	0.0155	-0.0612	0.3258	0.8606	-1
684	-0.0417	0.4264	-0.0117	0.4987	0.8232	-1
684	-0.1964	0.3631	-0.1862	0.3949	0.5039	-1
684	-0.195	0.4217	-0.1778	0.4635	0.4299	-1
684	-0.0442	0.1966	-0.029	0.2217	0.3169	-1
685	-0.0415	0.4255	-0.013	0.4986	0.8147	-1
685	-0.1703	-0.0133	-0.0613	0.323	0.7416	-1
685	-0.1978	0.3654	-0.1877	0.3958	0.4966	-1
685	-0.1958	0.4238	-0.1789	0.4658	0.3683	-1
685	-0.0453	0.2038	-0.0282	0.2255	0.2647	-1
686	-0.0424	0.4281	-0.0152	0.4987	0.7771	-1
686	-0.1726	0.014	-0.062	0.3168	0.6968	-1
686	-0.1998	0.3665	-0.189	0.3979	0.3253	-1
686	-0.1476	-0.0277	-0.1134	0.0208	0.2815	-1
686	0.0017	-0.5	0.0669	-0.4043	0.2612	-1
687	-0.0451	0.4286	-0.0179	0.4987	0.7443	-1
687	-0.1763	0.0377	-0.0598	0.3214	0.5115	-1
687	-0.0018	-0.5	0.0618	-0.4033	0.3947	-1
687	-0.1501	-0.0241	-0.1187	0.0209	0.3384	-1
687	-0.2024	0.367	-0.1908	0.3992	0.3243	-1
687	0.0587	-0.1628	0.1062	-0.096	0.296	-1
688	0.0548	-0.1653	0.1098	-0.0936	0.6882	-1
688	-0.0083	-0.5	0.0596	-0.404	0.5745	-1
688	-0.0477	0.4253	-0.0192	0.4986	0.4986	-1
688	-0.0384	0.0412	-0.0271	0.0758	0.317	-1
688	-0.153	-0.0233	-0.1175	0.0217	0.3083	-1
688	-0.1777	0.0425	-0.06	0.3208	0.252	-1
689	0.0548	-0.1653	0.1098	-0.0936	0.6871	-1
689	-0.0083	-0.5	0.0596	-0.404	0.5716	-1
689	-0.0477	0.4253	-0.0192	0.4986	0.4959	-1
689	-0.0384	0.0412	-0.0271	0.0758	0.316	-1
689	-0.153	-0.0233	-0.1175	0.0217	0.3037	-1
690	0.0505	-0.1679	0.1124	-0.0966	0.6882	-1
690	-0.0511	0.4288	-0.0231	0.4987	0.4949	-1
690	-0.0418	0.038	-0.0303	0.0768	0.3955	-1
690	0.0314	-0.0584	0.043	-0.0178	0.3498	-1
690	-0.011	-0.5	0.0568	-0.4044	0.3296	-1
690	-0.2069	0.4254	-0.1889	0.4718	0.3139	-1
690	0.0703	-0.0519	0.3877	0.4985	0.2626	-1
691	-0.0132	-0.5	0.0556	-0.4074	0.5904	-1
691	-0.054	0.4261	-0.027	0.499	0.4358	-1
691	-0.2211	-0.0431	0.373	0.4987	0.3218	-1
691	0.0471	-0.1749	0.1149	-0.0982	0.2532	-1
692	-0.0161	-0.5	0.0522	-0.4084	0.5622	-1
692	-0.0576	0.4292	-0.0306	0.4981	0.5548	-1
692	0.0439	-0.1819	0.1152	-0.0972	0.4619	-1
692	-0.2942	-0.0359	0.3723	0.4987	0.3217	-1
693	-0.0641	0.4254	-0.0325	0.4983	0.7245	-1
693	-0.0198	-0.5	0.0428	-0.4127	0.6473	-1
693	0.0412	-0.2066	0.1212	-0.0996	0.5836	-1
693	-0.2308	-0.0476	0.3703	0.4988	0.4944	-1
693	-0.0439	0.0518	-0.0074	0.1094	0.4395	-1
694	-0.064	0.4254	-0.0325	0.4983	0.7255	-1
694	-0.0197	-0.5	0.0428	-0.4127	0.6492	-1
694	0.0411	-0.2066	0.1212	-0.0995	0.594	-1
694	-0.2311	-0.0475	0.3708	0.4988	0.4915	-1
694	-0.0438	0.0518	-0.0074	0.1094	0.444	-1
695	0.0382	-0.2085	0.1235	-0.1044	0.7793	-1
695	-0.0691	0.4214	-0.0352	0.4982	0.7314	-1
695	-0.022	-0.5	0.0441	-0.4136	0.6041	-1
695	-0.2207	-0.0594	0.3697	0.4989	0.5256	-1
695	-0.0497	0.0541	-0.0105	0.1096	0.4291	-1
695	-0.2188	0.4212	-0.2015	0.4623	0.4016	-1
695	-0.1934	0.0202	-0.0826	0.3229	0.2863	-1
696	0.0361	-0.2124	0.1247	-0.1064	0.7505	-1
696	-0.0747	0.4104	-0.0382	0.4988	0.75	-1
696	-0.0525	0.0506	-0.0149	0.1071	0.6206	-1
696	-0.3131	-0.0533	0.3745	0.4987	0.4105	-1
696	0.0533	-0.3031	0.1208	-0.234	0.3444	-1
696	-0.0267	-0.5	0.042	-0.4173	0.2889	-1
697	-0.0795	0.4107	-0.0426	0.4991	0.7106	-1
697	-0.0567	0.0501	-0.0181	0.1051	0.646	-1
697	0.0292	-0.2123	0.125	-0.1074	0.5889	-1
697	-0.2774	-0.0621	0.3654	0.4983	0.5379	-1
697	0.0562	-0.3057	0.1213	-0.2343	0.3213	-1
697	-0.0321	-0.5	0.0365	-0.4208	0.2751	-1
698	-0.0864	0.4069	-0.0478	0.4985	0.7558	-1
698	0.0233	-0.2177	0.1226	-0.1122	0.6855	-1
698	-0.2527	-0.0666	0.364	0.4976	0.5603	-1
698	-0.0616	0.0486	-0.025	0.1022	0.5103	-1
698	-0.2316	0.4161	-0.2147	0.4556	0.2605	-1
699	-0.0864	0.4069	-0.0478	0.4985	0.754	-1
699	0.0233	-0.2177	0.1227	-0.1122	0.6845	-1
699	-0.2524	-0.0665	0.364	0.4977	0.5678	-1
699	-0.0616	0.0486	-0.025	0.1022	0.5107	-1
699	-0.2316	0.4161	-0.2147	0.4556	0.2579	-1
755	-0.0639	0.1826	0.002	0.4947	0.4903	-1
761	-0.0635	0.1791	0.0092	0.4903	0.4448	-1
762	-0.064	0.1781	0.008	0.4922	0.3427	-1
763	-0.0639	0.1782	0.0079	0.4922	0.3351	-1
769	-0.0635	0.1745	0.0093	0.4936	0.2503	-1
770	-0.0636	0.174	0.0093	0.4935	0.3325	-1
771	-0.0636	0.1729	0.0104	0.4934	0.4041	-1
772	-0.0639	0.1725	0.0099	0.493	0.267	-1
773	-0.0638	0.1725	0.0099	0.493	0.2699	-1
775	-0.0636	0.1718	0.0106	0.4929	0.2856	-1
797	-0.3478	-0.4617	-0.0088	0.0474	0.8981	-1
798	-0.3446	-0.4729	-0.0014	0.0289	0.7778	-1
799	-0.344	-0.4808	0.0003	0.0193	0.8691	-1
799	0.412	-0.1684	0.4678	-0.0487	0.4521	-1
800	-0.3476	-0.4807	-0.0018	0.0252	0.868	-1
800	0.412	-0.1681	0.4675	-0.0481	0.5013	-1
801	-0.3481	-0.4786	-0.0005	0.0159	0.8575	-1
802	-0.3398	-0.469	0.0037	0.0173	0.865	-1
802	-0.2482	-0.1449	-0.2031	0.0022	0.2696	-1
803	-0.3399	-0.469	0.0038	0.0167	0.8628	-1
803	-0.2482	-0.145	-0.2031	0.0021	0.2693	-1
804	-0.3496	-0.4583	0.0062	0.0313	0.8625	-1
805	-0.3476	-0.461	0.0081	0.0252	0.8627	-1
806	-0.3457	-0.4659	0.0103	0.0162	0.9155	-1
807	-0.3464	-0.4785	0.0116	0.0035	0.9262	-1
808	-0.3464	-0.4784	0.0116	0.0037	0.9266	-1
809	-0.345	-0.4816	0.0109	-0.0001	0.92	-1
810	-0.3432	-0.4926	0.0143	-0.011	0.9245	-1
810	-0.2435	-0.137	-0.1986	0.0094	0.6175	-1
811	-0.3433	-0.4927	0.0142	-0.0108	0.9241	-1
811	-0.2435	-0.137	-0.1986	0.0094	0.6045	-1
812	-0.3346	-0.4926	0.0158	-0.0163	0.9235	-1
812	-0.2423	-0.1369	-0.1972	0.0091	0.6411	-1
813	-0.3294	-0.4969	0.0169	-0.016	0.9331	-1
813	-0.2419	-0.1375	-0.1967	0.0087	0.6998	-1
813	0.423	-0.167	0.4768	-0.0444	0.4051	-1
814	-0.3187	-0.4952	0.0228	-0.0183	0.9319	-1
814	-0.2402	-0.1386	-0.1951	0.0088	0.6368	-1
814	0.4231	-0.1678	0.4979	-0.0366	0.2615	-1
814	0.4245	-0.1678	0.4794	-0.0437	0.2518	-1
815	-0.3253	-0.4973	0.0211	-0.0125	0.9314	-1
815	-0.2388	-0.1355	-0.1938	0.0111	0.5135	-1
816	-0.3234	-0.4964	0.0259	-0.0135	0.9256	-1
816	-0.236	-0.1316	-0.1916	0.0134	0.6332	-1
816	0.2968	0.1003	0.4058	0.1746	0.319	-1
817	-0.3302	-0.496	0.0258	-0.0106	0.9197	-1
817	-0.2341	-0.1309	-0.1903	0.0137	0.7093	-1
818	-0.3302	-0.496	0.0262	-0.0103	0.9197	-1
818	-0.2341	-0.1309	-0.1903	0.0137	0.7079	-1
819	-0.3305	-0.4947	0.0268	-0.0094	0.9183	-1
819	-0.2319	-0.1292	-0.1877	0.0171	0.7144	-1
820	-0.3284	-0.4935	0.0256	-0.0079	0.9202	-1
820	-0.2309	-0.1267	-0.1854	0.02	0.7541	-1
820	0.3027	0.1072	0.4084	0.1823	0.3196	-1
821	-0.3246	-0.4915	0.0309	-0.0056	0.8866	-1
821	-0.2295	-0.1255	-0.1831	0.0245	0.7253	-1
822	-0.3207	-0.4933	0.0323	-0.0068	0.9071	-1
822	-0.2281	-0.1234	-0.1815	0.0266	0.7274	-1
823	-0.3207	-0.4933	0.0322	-0.0068	0.9077	-1
823	-0.2281	-0.1234	-0.1815	0.0266	0.7253	-1
824	-0.3138	-0.4952	0.0301	-0.0125	0.9051	-1
824	-0.2259	-0.1201	-0.1795	0.0301	0.728	-1
824	0.3024	0.1163	0.4243	0.1917	0.2602	-1
825	-0.3185	-0.4919	0.033	-0.0064	0.9201	-1
825	-0.2245	-0.1132	-0.178	0.035	0.6612	-1
826	-0.3142	-0.4909	0.033	-0.0157	0.91	-1
826	-0.2222	-0.1059	-0.1763	0.0408	0.7166	-1
827	-0.3143	-0.4908	0.0328	-0.016	0.9096	-1
827	-0.2222	-0.1059	-0.1763	0.0408	0.7161	-1
828	-0.3134	-0.4895	0.0401	-0.0108	0.9018	-1
828	-0.2213	-0.1007	-0.1754	0.0441	0.6809	-1
829	-0.3078	-0.4911	0.0489	-0.0092	0.9004	-1
829	-0.2179	-0.099	-0.1723	0.0481	0.6463	-1
830	-0.314	-0.489	0.0431	0.0057	0.8984	-1
830	-0.2178	-0.0924	-0.1715	0.0555	0.7531	-1
831	-0.2947	-0.4836	0.0509	0.0007	0.8788	-1
831	-0.2154	-0.0991	-0.1687	0.0654	0.7369	-1
832	-0.296	-0.4927	0.0483	-0.0111	0.8544	-1
832	-0.2139	-0.076	-0.1671	0.0706	0.7589	-1
833	-0.296	-0.4927	0.0482	-0.0106	0.8536	-1
833	-0.2138	-0.076	-0.1671	0.0706	0.7595	-1
834	-0.2917	-0.4922	0.0493	0.0227	0.8582	-1
834	-0.2118	-0.0698	-0.1655	0.0826	0.8131	-1
834	0.3604	-0.1249	0.4991	0.0613	0.3406	-1
835	-0.2923	-0.4927	0.0507	0.0242	0.8501	-1
835	-0.2119	-0.0698	-0.1655	0.0825	0.8118	-1
835	0.3597	-0.126	0.4992	0.061	0.3419	-1
836	-0.2107	-0.0616	-0.1642	0.0916	0.7792	-1
836	-0.2969	-0.4925	0.0553	0.0429	0.7787	-1
837	-0.2914	-0.4921	0.0606	0.0484	0.8083	-1
837	-0.2095	-0.0551	-0.1623	0.0986	0.7571	-1
838	-0.2917	-0.4893	0.0536	0.0504	0.787	-1
838	-0.209	-0.0462	-0.161	0.1034	0.7678	-1
838	0.3472	-0.3636	0.4985	0.0801	0.4125	-1
839	-0.2916	-0.4891	0.0524	0.0489	0.7891	-1
839	-0.209	-0.0462	-0.161	0.1034	0.7709	-1
839	0.3471	-0.3636	0.4985	0.0801	0.4225	-1
840	-0.2891	-0.4876	0.051	0.0221	0.8463	-1
840	-0.2068	-0.0432	-0.1587	0.1083	0.758	-1
840	0.3469	-0.3574	0.4985	0.088	0.6155	-1
841	-0.292	-0.4876	0.0492	0.0196	0.8272	-1
841	-0.2061	-0.0388	-0.1578	0.1158	0.8045	-1
841	0.3506	-0.3494	0.4984	0.0918	0.5213	-1
842	-0.288	-0.4823	0.0443	-0.0042	0.8296	-1
842	-0.2049	-0.034	-0.1568	0.1236	0.7969	-1
842	0.3496	-0.3406	0.4984	0.0962	0.3607	-1
843	-0.2045	-0.0255	-0.1555	0.1298	0.8108	-1
843	-0.2886	-0.4856	0.0426	-0.0345	0.7973	-1
844	-0.2045	-0.0255	-0.1555	0.1298	0.8102	-1
844	-0.2886	-0.4855	0.0427	-0.0344	0.8001	-1
845	-0.2037	-0.0202	-0.1546	0.1346	0.8273	-1
845	-0.2944	-0.4789	0.0463	0.0229	0.4736	-1
845	-0.2952	-0.4776	0.1272	0.111	0.3168	-1
846	-0.2029	-0.0142	-0.1542	0.1444	0.8036	-1
846	-0.3034	-0.4866	0.0436	0.0213	0.4608	-1
846	-0.1845	-0.0834	-0.1549	-0.0081	0.3705	-1
847	-0.2017	-0.01	-0.1532	0.1474	0.7923	-1
847	-0.3083	-0.4611	0.0905	0.1054	0.6984	-1
847	-0.1821	-0.0789	-0.1538	-0.0049	0.2641	-1
848	-0.2009	-0.0061	-0.153	0.1525	0.8058	-1
848	-0.2567	-0.4895	0.081	0.137	0.3953	-1
848	-0.1825	-0.075	-0.154	0.0009	0.2939	-1
849	-0.2009	-0.0061	-0.153	0.1525	0.8048	-1
849	-0.2602	-0.4895	0.0808	0.1373	0.3969	-1
849	-0.1825	-0.075	-0.154	0.0009	0.2907	-1
850	-0.2004	0.0005	-0.1522	0.1571	0.7734	-1
850	-0.2494	-0.4871	0.0561	0.1312	0.4695	-1
851	-0.1996	0.0051	-0.1512	0.1616	0.7291	-1
851	-0.2436	-0.4847	0.1047	0.1426	0.4674	-1
852	-0.1992	0.0101	-0.1513	0.1659	0.7779	-1
852	-0.2445	-0.4871	0.0469	0.0422	0.4799	-1
853	-0.1978	0.0162	-0.1505	0.1748	0.8376	-1
853	-0.2421	-0.4818	0.1481	0.1584	0.6702	-1
853	-0.1803	-0.0513	-0.1511	0.0241	0.4439	-1
854	-0.1966	0.0236	-0.1489	0.1876	0.7702	-1
854	-0.2392	-0.4148	0.1138	0.14	0.2867	-1
855	-0.1965	0.0361	-0.1469	0.194	0.7116	-1
855	-0.1877	-0.4576	0.1703	0.2678	0.4809	-1
855	0.3463	-0.2707	0.499	0.1833	0.2543	-1
856	-0.1867	-0.5	0.1968	0.1942	0.8228	-1
856	-0.2018	0.0445	-0.1477	0.2139	0.4253	-1
857	-0.1743	-0.5	0.2121	0.1956	0.8546	-1
857	-0.1987	0.0512	-0.1451	0.2141	0.5579	-1
858	-0.1743	-0.5	0.2122	0.1957	0.8576	-1
858	-0.1986	0.0512	-0.1451	0.2142	0.5532	-1
859	-0.1942	0.0557	-0.1444	0.2132	0.6423	-1
859	-0.1552	-0.5	0.155	-0.1591	0.5217	-1
859	0.1047	-0.1638	0.2242	0.1755	0.3003	-1
860	-0.1942	0.0558	-0.1445	0.2132	0.6397	-1
860	-0.1553	-0.5	0.153	-0.1601	0.5368	-1
860	0.1047	-0.1638	0.2242	0.1761	0.2975	-1
861	-0.1976	0.0604	-0.1444	0.2192	0.6984	-1
861	-0.139	-0.5	0.2238	0.1814	0.5282	-1
861	0.3348	0.0407	0.3542	0.1399	0.396	-1
861	-0.4989	0.2739	0.19	0.4973	0.2977	-1
862	-0.1224	-0.4994	0.2279	0.1754	0.9201	-1
862	-0.1927	0.0693	-0.1434	0.2271	0.8024	-1
863	-0.13	-0.5	0.2243	0.1896	0.7206	-1
863	0.102	-0.2121	0.2246	0.1878	0.5815	-1
863	-0.129	-0.5	0.1359	-0.2078	0.3393	-1
864	-0.1497	-0.5	0.2212	0.1984	0.9275	-1
864	-0.1898	0.0925	-0.1412	0.2538	0.7094	-1
865	-0.089	0.0366	0.0311	0.1046	0.7981	-1
865	0.2175	0.4001	0.2342	0.4606	0.5569	-1
866	-0.0853	0.0233	0.036	0.0942	0.7219	-1
866	0.2175	0.3834	0.2341	0.449	0.6375	-1
867	-0.0852	0.0235	0.036	0.0942	0.7162	-1
867	0.2175	0.3833	0.2341	0.449	0.6539	-1
868	0.2187	0.3721	0.2352	0.4377	0.6703	-1
868	0.2062	0.4597	0.2197	0.4955	0.385	-1
869	0.2088	0.4463	0.2204	0.4808	0.7018	-1
869	-0.0787	-0.0169	0.0523	0.0525	0.6487	-1
869	0.2215	0.3565	0.237	0.4218	0.6344	-1
870	0.2108	0.4316	0.2231	0.4631	0.6778	-1
870	0.223	0.3435	0.2391	0.4075	0.656	-1
870	-0.0762	-0.0381	0.0525	0.0313	0.4479	-1
870	0.2717	0.4271	0.2993	0.4895	0.2551	-1
871	0.2135	0.4178	0.2252	0.452	0.7774	-1
871	0.2253	0.3278	0.2416	0.394	0.6445	-1
872	0.2282	0.3126	0.2447	0.3784	0.7142	-1
872	-0.0639	-0.0779	0.0589	-0.0159	0.6932	-1
872	0.2156	0.4005	0.229	0.4351	0.6368	-1
873	0.2282	0.3126	0.2447	0.3785	0.7163	-1
873	-0.0639	-0.0781	0.0589	-0.016	0.6955	-1
873	0.2156	0.4005	0.229	0.4352	0.6382	-1
874	0.2299	0.2971	0.2462	0.3631	0.7339	-1
874	0.2172	0.3845	0.2302	0.4193	0.6337	-1
875	0.2299	0.2971	0.2462	0.363	0.7251	-1
875	0.2172	0.3845	0.2302	0.4193	0.6353	-1
876	0.2314	0.2818	0.248	0.3472	0.7638	-1
876	0.219	0.3666	0.232	0.4016	0.4873	-1
877	0.2335	0.2595	0.25	0.3263	0.7982	-1
877	0.22	0.3466	0.2334	0.3823	0.7012	-1
878	0.2357	0.2434	0.2526	0.3125	0.8112	-1
878	0.2228	0.3301	0.2354	0.3648	0.7519	-1
878	0.1927	0.4427	0.2084	0.495	0.5222	-1
879	0.2376	0.2322	0.2545	0.2984	0.816	-1
879	0.2246	0.3172	0.2374	0.3513	0.6817	-1
879	0.1934	0.4301	0.2087	0.494	0.608	-1
880	0.2398	0.2302	0.2564	0.2963	0.7838	-1
880	0.1968	0.4328	0.2121	0.4937	0.6961	-1
880	0.2272	0.3152	0.2406	0.3479	0.6832	-1
880	0.0725	-0.0394	0.2396	0.4922	0.2755	-1
881	0.2398	0.2302	0.2564	0.2963	0.7825	-1
881	0.1968	0.4324	0.2124	0.4937	0.7107	-1
881	0.2272	0.3152	0.2406	0.3479	0.6834	-1
881	0.0721	-0.0394	0.2395	0.4922	0.2885	-1
882	0.2423	0.223	0.2598	0.2883	0.7714	-1
882	0.2298	0.3071	0.2429	0.3428	0.5009	-1
882	0.1998	0.4201	0.2176	0.4868	0.4128	-1
882	0.1985	0.4061	0.2551	0.4898	0.3537	-1
883	0.2457	0.2049	0.2635	0.2719	0.7801	-1
883	0.2319	0.2885	0.2457	0.3261	0.607	-1
883	0.2022	0.38	0.2612	0.4669	0.5114	-1
883	0.2034	0.3909	0.2397	0.4678	0.4245	-1
884	0.2486	0.204	0.2662	0.2677	0.7115	-1
884	0.2366	0.2877	0.2501	0.3225	0.6276	-1
884	0.209	0.3979	0.23	0.467	0.5414	-1
884	0.2092	0.381	0.2666	0.4666	0.2678	-1
885	0.2543	0.2088	0.2708	0.2762	0.7627	-1
885	0.2154	0.4058	0.2347	0.473	0.6914	-1
885	0.2418	0.2945	0.2547	0.3287	0.6249	-1
886	0.2196	0.4072	0.2392	0.4761	0.7749	-1
886	0.26	0.2118	0.2761	0.2797	0.7528	-1
886	0.2471	0.2977	0.26	0.331	0.5864	-1
887	0.2273	0.413	0.2456	0.48	0.7189	-1
887	0.2654	0.2154	0.2817	0.2822	0.7158	-1
887	0.2543	0.3005	0.2664	0.3353	0.6618	-1
888	0.2273	0.4129	0.2456	0.48	0.7245	-1
888	0.2654	0.2154	0.2817	0.2822	0.7195	-1
888	0.2543	0.3004	0.2664	0.3354	0.6668	-1
889	0.2716	0.2168	0.2882	0.286	0.7675	-1
889	0.261	0.3011	0.2736	0.3381	0.6934	-1
889	0.2339	0.4091	0.2533	0.4835	0.4138	-1
889	0.2587	0.304	0.2729	0.3415	0.3194	-1
889	0.2337	0.3917	0.2891	0.4853	0.2981	-1
889	0.2615	0.3916	0.2896	0.4525	0.2565	-1
890	0.2774	0.2168	0.2935	0.2857	0.7086	-1
890	0.2663	0.3024	0.2785	0.3372	0.613	-1
890	0.2396	0.4138	0.2564	0.4813	0.5872	-1
891	0.2775	0.2168	0.2935	0.2856	0.7	-1
891	0.2662	0.3025	0.2785	0.3373	0.5997	-1
891	0.2397	0.4134	0.2566	0.4814	0.5687	-1
892	0.2825	0.2269	0.2988	0.2921	0.7813	-1
892	0.2465	0.4287	0.2599	0.4909	0.6162	-1
892	0.2723	0.3114	0.2847	0.3486	0.5757	-1
893	0.2898	0.2411	0.306	0.308	0.803	-1
893	0.2801	0.3273	0.2927	0.3599	0.6076	-1
893	0.2551	0.4443	0.2704	0.4951	0.4177	-1
893	0.2843	0.4147	0.3093	0.4531	0.2604	-1
894	0.2977	0.2558	0.3152	0.3196	0.7627	-1
894	0.2901	0.3386	0.3021	0.3712	0.4329	-1
894	0.2666	0.4578	0.2812	0.4966	0.2511	-1
895	0.3077	0.2712	0.3252	0.336	0.7435	-1
895	0.3028	0.3555	0.3142	0.3882	0.6679	-1
972	-0.228	-0.4954	-0.0527	-0.1937	0.6845	-1
980	-0.4067	-0.5	0.1006	0.4962	0.8256	-1
982	-0.4151	-0.5	0.1128	0.4959	0.348	-1
983	-0.4151	-0.5	0.1132	0.4959	0.3646	-1
1014	-0.4998	0.0203	0.0638	0.4989	0.9049	1
1014	-0.5	0.015	-0.4837	0.061	0.258	1
1015	-0.4998	0.0205	0.0669	0.4998	0.9074	1
1015	-0.5	0.0149	-0.4837	0.0611	0.2769	1
1016	-0.4996	0.0212	0.0656	0.4999	0.9074	1
1016	-0.5	0.0149	-0.4837	0.0611	0.2676	1
1017	-0.4996	0.0212	0.0656	0.4998	0.9073	1
1017	-0.5	0.0149	-0.4837	0.0611	0.2695	1
1018	-0.4995	0.0192	0.0646	0.4998	0.9057	1
1018	-0.5	0.0149	-0.4837	0.0613	0.2817	1
1019	-0.4993	0.0203	0.0658	0.5	0.908	1
1019	-0.5	0.0148	-0.4836	0.0614	0.2641	1
1020	-0.4998	0.0204	0.0673	0.499	0.9066	1
1020	-0.5	0.0149	-0.4835	0.0607	0.2734	1
1021	-0.4997	0.0192	0.0671	0.499	0.9067	1
1021	-0.5	0.0146	-0.4833	0.0612	0.2751	1
1022	-0.4997	0.0192	0.0671	0.499	0.9067	1
1022	-0.5	0.0146	-0.4833	0.0612	0.2742	1
1023	-0.4998	0.0192	0.0668	0.499	0.9063	1
1023	-0.5	0.0145	-0.4833	0.0612	0.2578	1
1024	-0.4997	0.0201	0.0666	0.499	0.9051	1
1024	-0.5	0.0145	-0.4833	0.0612	0.253	1
1025	-0.4998	0.0203	0.0663	0.499	0.9043	1
1026	-0.4998	0.0203	0.0664	0.499	0.9044	1
1027	-0.4999	0.0203	0.0664	0.499	0.9044	1
1028	-0.4997	0.0195	0.0666	0.499	0.9063	1
1029	-0.4995	0.0194	0.0663	0.499	0.9064	1
1030	-0.4994	0.0197	0.0664	0.4988	0.9055	1
1031	-0.4995	0.0224	0.0662	0.4989	0.9044	1
1032	-0.4995	0.0223	0.0662	0.4989	0.9045	1
1033	-0.4999	0.0224	0.0657	0.4989	0.9004	1
1033	-0.5	0.0144	-0.4835	0.0608	0.2758	1
1034	-0.5	0.0228	0.0652	0.4989	0.8994	1
1034	-0.5	0.0144	-0.4833	0.0609	0.2752	1
1035	-0.4999	0.0207	0.0651	0.4988	0.897	1
1035	-0.5	0.0145	-0.4834	0.0612	0.2704	1
1036	-0.5	0.0211	0.0649	0.499	0.8969	1
1037	-0.5	0.0211	0.0649	0.499	0.897	1
1038	-0.5	0.022	0.0645	0.499	0.8967	1
1039	-0.5	0.0212	0.0639	0.4992	0.8978	1
1039	-0.5	0.0147	-0.4835	0.0616	0.2763	1
1040	-0.5	0.0215	0.0635	0.499	0.9002	1
1040	-0.5	0.0145	-0.4836	0.0616	0.2701	1
1041	-0.5	0.0229	0.0623	0.4989	0.8986	1
1042	-0.5	0.0229	0.0622	0.4989	0.8983	1
1043	-0.5	0.0248	0.0622	0.4996	0.8992	1
1044	-0.5	0.0252	0.0558	0.4994	0.8996	1
1045	-0.4999	0.0246	0.0167	0.4993	0.92	1
1046	-0.5	0.0253	-0.0119	0.499	0.9035	1
1047	-0.5	0.0255	-0.012	0.499	0.9032	1
1048	-0.4992	0.0222	-0.0184	0.4989	0.9005	1
1049	-0.5	0.0254	-0.0126	0.499	0.9001	1
1050	-0.5	0.0255	-0.0124	0.4989	0.9015	1
1051	-0.5	0.0259	0.0061	0.499	0.9109	1
1052	-0.5	0.027	0.0201	0.4992	0.9206	1
1053	-0.5	0.0281	0.0353	0.4989	0.9139	1
1054	-0.4997	0.0239	0.0297	0.4993	0.9107	1
1055	-0.5	0.0277	0.0098	0.4989	0.9021	1
1056	-0.5	0.0283	-0.0068	0.4988	0.898	1
1057	-0.5	0.0282	-0.0069	0.4988	0.8982	1
1058	-0.4994	0.0279	-0.0146	0.499	0.9009	1
1059	-0.4994	0.0272	-0.0139	0.4989	0.9012	1
1060	-0.5	0.0286	-0.0069	0.499	0.8925	1
1061	-0.5	0.0271	0.0	0.4989	0.898	1
1062	-0.5	0.0272	-0.0001	0.4989	0.8958	1
1063	-0.5	0.0275	0.0016	0.4989	0.8949	1
1064	-0.5	0.0276	-0.0039	0.4988	0.8977	1
1065	-0.5	0.0281	-0.0128	0.4989	0.9026	1
1066	-0.5	0.0281	-0.0128	0.4989	0.9024	1
1067	-0.4992	0.0263	-0.026	0.499	0.9075	1
1068	-0.5	0.0276	-0.0455	0.4987	0.892	1
1128	-0.4976	-0.3551	0.0352	0.5	0.9186	-1
1128	0.3821	-0.5	0.4988	-0.3103	0.3493	-1
1129	-0.4977	-0.3543	0.0423	0.5	0.9249	-1
1130	-0.4977	-0.3543	0.0426	0.5	0.9251	-1
1131	-0.4976	-0.354	0.0388	0.5	0.9235	-1
1131	0.3793	-0.5	0.4989	-0.3188	0.2908	-1
1132	-0.497	-0.3651	0.0346	0.4987	0.9221	2
1132	0.3758	-0.5	0.4984	-0.3257	0.4514	-1
1133	-0.4969	-0.3656	0.0347	0.4988	0.9221	2
1133	0.3734	-0.5	0.4988	-0.3211	0.6259	-1
1134	-0.4967	-0.3648	0.036	0.499	0.9146	2
1134	0.3723	-0.5	0.4988	-0.325	0.4173	-1
1135	-0.4972	-0.3555	0.0363	0.5	0.9212	-1
1135	0.3708	-0.5	0.4987	-0.3213	0.4895	-1
1136	-0.4972	-0.3555	0.037	0.5	0.9256	-1
1136	0.3674	-0.5	0.4988	-0.3264	0.5571	-1
1137	-0.4972	-0.3555	0.0366	0.5	0.9261	-1
1137	0.3673	-0.5	0.4988	-0.3264	0.5579	-1
1138	-0.497	-0.3554	0.0359	0.5	0.9219	-1
1138	0.3641	-0.5	0.4902	-0.3316	0.4087	-1
1139	-0.4973	-0.3551	0.0357	0.5	0.9106	-1
1139	0.3638	-0.5	0.4983	-0.316	0.5121	-1
1140	-0.4974	-0.3567	0.0321	0.5	0.9161	-1
1140	0.3632	-0.5	0.4992	-0.3047	0.7771	-1
1141	-0.4969	-0.364	0.0314	0.4989	0.9087	2
1141	0.3632	-0.5	0.4988	-0.2951	0.7273	-1
1142	-0.4969	-0.3641	0.0318	0.4989	0.9074	2
1142	0.3632	-0.5	0.4988	-0.2951	0.7274	-1
1143	-0.4974	-0.3554	0.0247	0.5	0.8983	-1
1143	0.3614	-0.5	0.499	-0.3006	0.7211	-1
1144	-0.4969	-0.3551	0.0244	0.5	0.8879	-1
1144	0.3609	-0.5	0.4987	-0.2901	0.702	-1
1145	-0.4975	-0.3559	0.0324	0.5	0.9164	-1
1145	0.358	-0.5	0.4989	-0.2799	0.7544	-1
1146	-0.4975	-0.3559	0.0324	0.5	0.9161	-1
1146	0.358	-0.5	0.4989	-0.2799	0.7547	-1
1147	-0.4967	-0.3541	0.0338	0.5	0.9214	-1
1147	0.3561	-0.5	0.4989	-0.2692	0.7874	-1
1148	-0.4966	-0.366	0.034	0.4987	0.9184	2
1148	0.3536	-0.5	0.4989	-0.2596	0.724	-1
1149	-0.4968	-0.3647	0.0328	0.5	0.9142	2
1149	0.3508	-0.5	0.4993	-0.2534	0.7687	-1
1150	-0.4968	-0.3656	0.033	0.5	0.9136	2
1150	0.3485	-0.5	0.4987	-0.2478	0.7484	-1
1151	-0.4965	-0.3681	0.0312	0.5	0.9087	2
1151	0.3464	-0.5	0.4987	-0.2454	0.7232	-1
1152	-0.4965	-0.3674	0.0314	0.5	0.9098	2
1152	0.3464	-0.5	0.4987	-0.2452	0.7228	-1
1153	-0.4966	-0.3792	0.0335	0.4988	0.9107	-1
1153	0.3458	-0.5	0.4983	-0.2416	0.709	-1
1154	-0.4965	-0.3762	0.0321	0.4988	0.9116	-1
1154	0.3456	-0.5	0.4983	-0.2417	0.7271	-1
1155	-0.4968	-0.3725	0.0306	0.5	0.9062	2
1155	0.3454	-0.5	0.4983	-0.2335	0.6853	-1
1156	-0.4966	-0.3687	0.0324	0.5	0.9141	2
1156	0.3445	-0.5	0.4982	-0.2319	0.7055	-1
1157	-0.4966	-0.3691	0.0324	0.5	0.9142	2
1157	0.3437	-0.5	0.4997	-0.2332	0.7004	-1
1158	-0.4967	-0.3737	0.0312	0.5	0.9219	-1
1158	0.3426	-0.5	0.4995	-0.2196	0.6796	-1
1159	-0.4967	-0.3713	0.0347	0.4986	0.9257	2
1159	0.3383	-0.5	0.4991	-0.2194	0.6075	-1
1159	0.3389	-0.4983	0.4192	-0.2227	0.253	-1
1160	-0.4969	-0.3802	0.0332	0.4987	0.9174	-1
1160	0.3368	-0.5	0.4981	-0.2137	0.7914	-1
1161	-0.4967	-0.3714	0.0323	0.4987	0.911	2
1161	0.3329	-0.5	0.4992	-0.2019	0.6459	-1
1162	-0.4968	-0.3717	0.0322	0.4987	0.9116	2
1162	0.3329	-0.5	0.4992	-0.202	0.6474	-1
1163	-0.4968	-0.3682	0.0309	0.4987	0.9137	2
1163	0.3322	-0.5	0.4996	-0.2016	0.7535	-1
1164	-0.4966	-0.3688	0.0323	0.4988	0.9032	2
1164	0.3274	-0.5	0.4995	-0.1957	0.7218	-1
1165	-0.4972	-0.3661	0.0344	0.5	0.911	2
1165	0.3242	-0.5	0.4988	-0.2139	0.6755	-1
1166	-0.497	-0.3695	0.0383	0.4988	0.8952	2
1166	0.319	-0.5	0.4937	-0.2163	0.6772	-1
1167	-0.4972	-0.3723	0.0358	0.5	0.8962	2
1167	0.319	-0.5	0.4938	-0.2164	0.6735	-1
1168	-0.4979	-0.3962	0.0365	0.5	0.9032	-1
1168	0.3127	-0.5	0.4692	-0.2361	0.7448	-1
1169	-0.4967	-0.3684	0.0396	0.4989	0.8469	2
1169	0.3092	-0.5	0.4637	-0.234	0.5473	-1
1169	0.3088	-0.5	0.3919	-0.2385	0.2511	-1
1170	-0.4967	-0.3682	0.0395	0.4989	0.8505	2
1170	0.3092	-0.5	0.4635	-0.2338	0.5449	-1
1170	0.3088	-0.5	0.3922	-0.2383	0.2504	-1
1171	-0.4962	-0.3664	0.0407	0.4989	0.8728	2
1171	0.3028	-0.5	0.4567	-0.243	0.7049	-1
1172	-0.4964	-0.3684	0.0421	0.4988	0.8874	2
1172	0.2975	-0.5	0.4468	-0.2443	0.7587	-1
1173	-0.4967	-0.3676	0.0359	0.4988	0.8881	2
1173	0.2927	-0.5	0.4368	-0.2458	0.6788	-1
1174	-0.4965	-0.3629	0.0336	0.4989	0.8734	2
1174	0.2862	-0.5	0.4297	-0.2409	0.8247	-1
1175	-0.4961	-0.3638	0.0321	0.4989	0.8778	2
1175	0.2831	-0.5	0.4262	-0.2409	0.7666	-1
1176	-0.496	-0.3637	0.0324	0.4989	0.8773	2
1176	0.2831	-0.5	0.4262	-0.2408	0.7707	-1
1177	-0.4968	-0.3597	0.0274	0.5	0.9044	-1
1177	0.2803	-0.5	0.4167	-0.2461	0.7792	-1
1178	-0.4968	-0.3592	0.0266	0.5	0.9037	-1
1178	0.2803	-0.5	0.4173	-0.2461	0.782	-1
1179	-0.497	-0.361	0.0311	0.5	0.9044	2
1179	0.2773	-0.5	0.4112	-0.2527	0.8256	-1
1180	-0.497	-0.363	0.0353	0.5	0.8998	2
1180	0.2776	-0.5	0.4135	-0.2521	0.8099	-1
1181	-0.4971	-0.3616	0.0316	0.4989	0.8688	2
1181	0.2778	-0.5	0.4134	-0.254	0.8318	-1
1182	0.2817	-0.5	0.4094	-0.2616	0.874	-1
1182	-0.4966	-0.3588	0.0286	0.499	0.8015	-1
1183	-0.4971	-0.3614	0.0401	0.4991	0.837	2
1183	0.2788	-0.5	0.4017	-0.2891	0.7086	-1
1184	-0.4965	-0.369	0.0416	0.499	0.8499	2
1184	0.2714	-0.5	0.3776	-0.3051	0.6432	-1
1185	-0.4965	-0.3693	0.0415	0.499	0.8519	2
1185	0.2714	-0.5	0.3777	-0.3051	0.6453	-1
1287	0.2461	-0.5	0.3001	-0.2658	0.2695	-1
1288	0.2516	-0.5	0.306	-0.2448	0.5383	-1
1289	0.2519	-0.5	0.3062	-0.2453	0.5254	-1
1290	0.2592	-0.5	0.3218	-0.2355	0.5732	-1
1290	0.2592	-0.5	0.3657	-0.2351	0.4317	-1
1291	0.2672	-0.5	0.3831	-0.2289	0.6593	-1
1291	0.2676	-0.5	0.3317	-0.2258	0.3917	-1
1293	0.2954	-0.4742	0.3589	-0.1998	0.4868	-1
1294	0.3012	-0.4859	0.3908	-0.1667	0.7793	-1
1295	0.3083	-0.4976	0.4539	-0.1649	0.8142	-1
1295	0.3081	-0.4949	0.4104	-0.1655	0.4914	-1
1296	0.3082	-0.4975	0.4542	-0.1647	0.8045	-1
1296	0.308	-0.4948	0.4101	-0.1653	0.5093	-1
1297	0.313	-0.4811	0.3895	-0.1535	0.752	-1
1297	0.3119	-0.4921	0.457	-0.152	0.2637	-1
1298	0.304	-0.4945	0.4052	-0.1594	0.8816	-1
1299	0.3001	-0.5	0.3851	-0.1764	0.8735	-1
1307	0.3067	-0.0288	0.3849	0.0684	0.5795	-1
1444	-0.3767	-0.447	-0.0316	0.1558	0.3406	-1
1455	-0.3642	-0.3202	-0.0735	0.1029	0.3028	-1
1455	-0.363	-0.3042	-0.0738	-0.0896	0.293	-1
1456	-0.364	-0.3189	-0.0738	0.1025	0.3295	-1
1456	-0.363	-0.3044	-0.074	-0.0822	0.301	-1
1460	-0.3873	-0.461	-0.04	0.1644	0.5236	-1
1461	-0.3873	-0.4608	-0.0422	0.165	0.5473	-1
1462	-0.3846	-0.4597	-0.047	0.1708	0.5508	-1
1465	-0.3897	-0.4659	-0.0444	0.1655	0.3475	-1
1466	-0.39	-0.4672	-0.0411	0.1354	0.2789	-1
1467	-0.3905	-0.4693	-0.057	0.1548	0.3476	-1
1469	-0.388	-0.4685	-0.0517	0.1735	0.3021	-1
1472	-0.3874	-0.4676	-0.0507	0.1571	0.3853	-1
1473	-0.3914	-0.4707	-0.0428	0.1645	0.6786	-1
1474	-0.3866	-0.4591	-0.0399	0.1645	0.6575	-1
1475	-0.3688	-0.3192	-0.0412	0.1624	0.5698	-1
1476	-0.369	-0.3198	-0.0412	0.1625	0.5592	-1
1477	-0.3686	-0.32	-0.0509	0.1612	0.3733	-1
1478	-0.37	-0.3203	-0.046	0.1766	0.3304	-1
1479	-0.369	-0.3222	-0.0537	0.1764	0.3375	-1
1480	-0.3689	-0.3224	-0.0541	0.1768	0.342	-1
1481	-0.3695	-0.3234	-0.0425	0.1763	0.4466	-1
1482	-0.37	-0.3231	-0.0386	0.1618	0.5109	-1
1483	-0.3708	-0.323	-0.0386	0.1449	0.6257	-1
1484	-0.3711	-0.3251	-0.0449	0.1742	0.3374	-1
1485	-0.372	-0.3244	-0.046	0.1735	0.4454	-1
1486	-0.372	-0.3244	-0.0457	0.1732	0.4466	-1
1487	-0.3755	-0.3229	-0.0918	0.1744	0.3347	-1
1488	-0.3782	-0.3253	-0.1064	0.1715	0.3356	-1
1489	-0.3803	-0.3296	-0.1158	0.1938	0.4521	-1
1490	-0.3835	-0.3312	-0.1132	0.1907	0.3732	-1
1491	-0.3835	-0.3312	-0.1132	0.1904	0.363	-1
1493	-0.3905	-0.3377	-0.091	0.2001	0.2536	-1
1494	-0.3957	-0.3365	-0.0882	0.2017	0.4098	-1
1495	-0.3996	-0.3404	-0.1093	0.2024	0.3757	-1
1496	-0.3995	-0.3405	-0.1097	0.2035	0.3796	-1
1497	-0.4058	-0.3441	-0.1162	0.2206	0.3992	-1
1498	-0.4133	-0.346	-0.1186	0.2157	0.4733	-1
1499	-0.4222	-0.3497	-0.1302	0.2015	0.3182	-1
1500	-0.4362	-0.3561	-0.0771	0.2196	0.2609	-1
1501	-0.4361	-0.356	-0.0775	0.2198	0.2667	-1
1507	-0.3282	0.4241	-0.2523	0.4965	0.3628	-1
1508	-0.3324	0.4381	-0.2563	0.4968	0.4995	-1
1509	-0.3422	0.4531	-0.2627	0.497	0.2658	-1
1510	-0.3422	0.4531	-0.2628	0.497	0.2674	-1
1516	-0.154	0.4676	-0.0969	0.4969	0.4002	-1
1521	-0.4996	-0.5	-0.3272	-0.3845	0.3433	0
1576	-0.0705	-0.1322	0.1706	0.4829	0.7654	-1
1582	-0.2004	-0.373	0.1233	0.4675	0.8532	-1
1583	-0.1689	-0.338	0.1672	0.4878	0.8925	-1
1584	-0.15	-0.3256	0.1738	0.2549	0.5014	-1
1585	-0.1508	-0.3261	0.1731	0.2715	0.5487	-1
1586	-0.1441	-0.3787	0.1804	0.3459	0.8957	-1
1628	-0.4991	-0.4981	-0.0184	0.4983	0.9301	0
1628	0.2245	-0.5	0.4978	0.3087	0.2831	-1
1629	-0.4991	-0.5	-0.0183	0.4983	0.9261	0
1629	0.2233	-0.5	0.4984	0.3022	0.6454	-1
1630	-0.4991	-0.5	-0.0182	0.4983	0.9268	0
1630	0.2234	-0.5	0.4984	0.3023	0.6528	-1
1631	-0.499	-0.5	-0.0421	0.4981	0.9341	0
1631	0.2227	-0.5	0.4976	0.3072	0.6237	-1
1631	0.3253	-0.4269	0.3772	-0.2961	0.2819	-1
1632	-0.4977	-0.5	-0.1398	0.4989	0.9338	0
1632	0.1965	-0.5	0.3112	0.1906	0.5519	-1
1633	-0.4986	-0.5	-0.1396	0.4986	0.935	0
1633	0.1962	-0.5	0.3114	0.1916	0.5645	-1
1634	-0.497	-0.5	-0.1507	0.499	0.8824	0
1634	0.2035	-0.4927	0.3168	0.2008	0.6846	-1
1635	-0.4973	-0.5	-0.1866	0.4987	0.9021	0
1635	0.1999	-0.4849	0.3213	0.214	0.7798	-1
1636	-0.4973	-0.5	-0.1834	0.4983	0.9304	0
1636	0.1973	-0.4885	0.3232	0.2135	0.7952	-1
1637	-0.4976	-0.5	-0.1744	0.4999	0.9015	0
1637	0.1904	-0.4624	0.3242	0.2241	0.7759	-1
1637	0.3177	0.009	0.4988	0.3003	0.2518	-1
1638	-0.4975	-0.5	-0.1737	0.5	0.9046	0
1638	0.1879	-0.4623	0.3232	0.2232	0.8105	-1
1638	0.3157	0.0033	0.498	0.2953	0.3696	-1
1638	0.3267	0.4244	0.3462	0.4647	0.3074	-1
1639	-0.4979	-0.5	-0.1773	0.4979	0.8839	0
1639	0.1886	-0.4818	0.3257	0.2221	0.7803	-1
1639	0.315	0.0048	0.4988	0.2935	0.4101	-1
1639	0.3271	0.4224	0.3469	0.4621	0.3251	-1
1639	0.332	-0.438	0.3876	-0.3124	0.2726	-1
1640	-0.4978	-0.5	-0.1775	0.4979	0.8862	0
1640	0.1877	-0.4834	0.3258	0.2221	0.7839	-1
1640	0.3148	0.0047	0.4988	0.2935	0.4015	-1
1640	0.3271	0.4217	0.3469	0.4622	0.3286	-1
1640	0.3319	-0.4388	0.3878	-0.3123	0.282	-1
1641	-0.4977	-0.5	-0.1821	0.5	0.9151	0
1641	0.1885	-0.4938	0.3229	0.2161	0.7705	-1
1641	0.3102	0.0016	0.498	0.2931	0.5985	-1
1641	0.3268	0.4177	0.3461	0.459	0.4633	-1
1642	-0.4978	-0.5	-0.1811	0.4978	0.9015	0
1642	0.1902	-0.4896	0.3232	0.2155	0.796	-1
1642	0.311	0.003	0.498	0.293	0.5324	-1
1642	0.327	0.4191	0.3464	0.459	0.4626	-1
1643	-0.4977	-0.5	-0.1812	0.5	0.9073	0
1643	0.1904	-0.4911	0.3226	0.2173	0.7864	-1
1643	0.312	-0.001	0.4981	0.2926	0.6068	-1
1643	0.327	0.4171	0.3462	0.4591	0.5135	-1
1644	-0.4978	-0.5	-0.1816	0.498	0.8943	0
1644	0.192	-0.4912	0.3231	0.2133	0.7879	-1
1644	0.3111	0.0011	0.4981	0.2931	0.6596	-1
1644	0.3267	0.4169	0.3459	0.459	0.5652	-1
1645	-0.4978	-0.5	-0.1817	0.4979	0.895	0
1645	0.1917	-0.4914	0.3231	0.2126	0.7862	-1
1645	0.3109	0.001	0.4981	0.2931	0.6577	-1
1645	0.3266	0.417	0.3459	0.4591	0.5636	-1
1646	-0.4987	-0.5	-0.1824	0.4976	0.8855	0
1646	0.1978	-0.491	0.3229	0.2098	0.8087	-1
1646	0.3139	-0.008	0.498	0.2888	0.6226	-1
1646	0.3265	0.4115	0.3459	0.4554	0.5753	3
1647	-0.4986	-0.5	-0.1833	0.4988	0.9062	0
1647	0.2001	-0.4949	0.3238	0.2095	0.8122	-1
1647	0.3136	-0.0088	0.499	0.2867	0.6459	-1
1647	0.3256	0.4108	0.3454	0.4544	0.5098	3
1648	-0.4986	-0.5	-0.1833	0.4988	0.9031	0
1648	0.1999	-0.4949	0.3238	0.2099	0.8126	-1
1648	0.3132	-0.009	0.499	0.2868	0.6429	-1
1648	0.3258	0.4108	0.3455	0.4544	0.5187	3
1649	-0.498	-0.5	-0.1823	0.5	0.9178	0
1649	0.2012	-0.4959	0.3238	0.2111	0.8218	-1
1649	0.3138	-0.0133	0.498	0.2862	0.6404	-1
1649	0.3257	0.4107	0.3456	0.4545	0.4642	3
1650	-0.4978	-0.5	-0.1841	0.4994	0.9117	0
1650	0.2088	-0.4973	0.325	0.2055	0.8134	4
1650	0.3141	-0.0073	0.499	0.2858	0.6857	-1
1650	0.3262	0.412	0.346	0.4544	0.4574	3
1651	-0.4982	-0.5	-0.184	0.4965	0.8878	0
1651	0.2002	-0.4957	0.3256	0.2147	0.7908	-1
1651	0.3144	-0.0065	0.4989	0.2872	0.6687	-1
1651	0.3266	0.4143	0.3468	0.4557	0.4699	-1
1652	-0.4981	-0.5	-0.1862	0.4962	0.8978	0
1652	0.2053	-0.4958	0.3267	0.2188	0.7429	-1
1652	0.3169	-0.0003	0.4988	0.2896	0.6805	-1
1652	0.3274	0.4162	0.3476	0.4578	0.4567	-1
1653	-0.4983	-0.5	-0.1874	0.4962	0.8544	0
1653	0.1937	-0.4943	0.3258	0.2181	0.8342	-1
1653	0.3167	-0.0006	0.4988	0.29	0.7197	-1
1653	0.328	0.4168	0.3474	0.4584	0.4733	-1
1654	-0.4985	-0.5	-0.1949	0.4963	0.8708	0
1654	0.2054	-0.4968	0.3265	0.2189	0.8042	4
1654	0.3147	-0.0022	0.4989	0.29	0.6624	-1
1654	0.3269	0.4158	0.347	0.457	0.418	-1
1655	-0.4985	-0.5	-0.1949	0.4963	0.8696	0
1655	0.2073	-0.4968	0.3264	0.2189	0.7981	4
1655	0.3147	-0.0024	0.4989	0.2902	0.6623	-1
1655	0.3268	0.4159	0.347	0.4571	0.4116	-1
1656	-0.4982	-0.5	-0.1957	0.496	0.8929	0
1656	0.2019	-0.4969	0.3256	0.2139	0.8253	-1
1656	0.3134	-0.0102	0.499	0.2867	0.6727	-1
1656	0.326	0.4103	0.346	0.4538	0.4395	3
1656	0.3321	-0.4553	0.3891	-0.3333	0.2866	-1
1657	-0.4982	-0.5	-0.1954	0.4959	0.9026	0
1657	0.2067	-0.4969	0.3255	0.2087	0.7852	4
1657	0.3123	-0.0103	0.4991	0.2835	0.668	-1
1657	0.3253	0.4084	0.3456	0.4524	0.3769	3
1658	-0.4984	-0.5	-0.195	0.496	0.8738	0
1658	0.2062	-0.4981	0.3246	0.2097	0.8116	4
1658	0.3106	-0.0124	0.4992	0.2833	0.6495	-1
1658	0.3249	0.4081	0.3457	0.4522	0.4096	3
1659	-0.4983	-0.5	-0.1939	0.4961	0.8778	0
1659	0.2148	-0.4985	0.3249	0.2083	0.8077	4
1659	0.311	-0.0115	0.4991	0.2825	0.6485	-1
1659	0.3257	0.4068	0.3458	0.4523	0.3594	3
1660	-0.4983	-0.5	-0.194	0.4962	0.8689	0
1660	0.2152	-0.4984	0.3249	0.208	0.8086	-1
1660	0.3108	-0.0113	0.4991	0.2824	0.644	-1
1660	0.3257	0.4069	0.3458	0.4523	0.3617	3
1661	-0.4985	-0.5	-0.1927	0.4964	0.8558	0
1661	0.218	-0.4979	0.3252	0.2016	0.8199	-1
1661	0.3121	-0.008	0.499	0.2832	0.6877	-1
1661	0.3262	0.4073	0.346	0.4525	0.4293	3
1662	-0.4984	-0.5	-0.1927	0.4963	0.8734	0
1662	0.2113	-0.497	0.3252	0.198	0.7683	4
1662	0.3133	-0.0062	0.499	0.2846	0.6686	-1
1662	0.3264	0.4101	0.3463	0.4535	0.4261	3
1663	-0.4984	-0.5	-0.1928	0.4962	0.8685	0
1663	0.212	-0.4971	0.3253	0.1988	0.774	4
1663	0.313	-0.0071	0.499	0.2846	0.6582	-1
1663	0.3264	0.4101	0.3463	0.4534	0.4046	3
1664	-0.4986	-0.5	-0.1927	0.4964	0.8659	0
1664	0.2134	-0.4972	0.325	0.1936	0.769	4
1664	0.3134	-0.0065	0.499	0.2845	0.6492	-1
1664	0.3264	0.4102	0.3462	0.4534	0.4181	3
1665	-0.4986	-0.5	-0.1926	0.4964	0.864	0
1665	0.2131	-0.4972	0.325	0.1952	0.7686	4
1665	0.3133	-0.0064	0.499	0.2845	0.6473	-1
1665	0.3264	0.4102	0.3462	0.4534	0.4182	3
1666	-0.4984	-0.5	-0.1906	0.495	0.8555	0
1666	0.2107	-0.4984	0.3266	0.209	0.8157	4
1666	0.3153	-0.0034	0.4989	0.2862	0.6732	-1
1666	0.3266	0.411	0.3462	0.4534	0.4142	3
1667	-0.4985	-0.5	-0.1901	0.4951	0.8248	0
1667	0.21	-0.4985	0.3266	0.2101	0.818	4
1667	0.3166	-0.0065	0.4988	0.2839	0.6539	-1
1667	0.3267	0.4104	0.3464	0.4531	0.4388	3
1668	0.2179	-0.4985	0.3259	0.2016	0.8323	-1
1668	-0.5	-0.5	-0.1862	0.4969	0.7672	0
1668	0.3168	-0.0079	0.4989	0.2804	0.5907	-1
1668	0.3268	0.4067	0.3471	0.4506	0.3519	3
1669	-0.4989	-0.5	-0.1856	0.4951	0.8968	0
1669	0.2205	-0.4995	0.3266	0.197	0.8002	-1
1669	0.3145	-0.0141	0.499	0.2761	0.5735	-1
1669	0.3263	0.4031	0.3471	0.4477	0.3026	3
1670	-0.4989	-0.5	-0.1857	0.495	0.8938	0
1670	0.2208	-0.4996	0.3268	0.1956	0.8046	-1
1670	0.3147	-0.0138	0.499	0.2759	0.5803	-1
1670	0.3263	0.4035	0.3471	0.4477	0.2895	3
1671	-0.4987	-0.5	-0.1829	0.4986	0.9101	0
1671	0.2212	-0.4985	0.3275	0.1923	0.8075	-1
1671	0.3129	-0.018	0.499	0.2746	0.57	-1
1671	0.3265	0.4028	0.3471	0.447	0.3023	3
1672	-0.4987	-0.5	-0.1829	0.4986	0.9142	0
1672	0.2212	-0.4988	0.3274	0.1943	0.813	-1
1672	0.3129	-0.0183	0.499	0.2744	0.5725	-1
1672	0.3264	0.4028	0.347	0.4471	0.3187	3
1673	-0.4981	-0.5	-0.1825	0.4994	0.9143	0
1673	0.2211	-0.4986	0.3269	0.1981	0.8132	-1
1673	0.3132	-0.0161	0.499	0.2747	0.6117	-1
1673	0.3265	0.4029	0.3469	0.4473	0.3177	3
1674	-0.4987	-0.5	-0.186	0.4952	0.8965	0
1674	0.2202	-0.4991	0.3267	0.1962	0.8249	-1
1674	0.3132	-0.0181	0.499	0.275	0.6207	-1
1674	0.3266	0.4021	0.3473	0.4473	0.3627	3
1675	-0.4986	-0.5	-0.1866	0.4954	0.8975	0
1675	0.2189	-0.4985	0.3264	0.1983	0.8098	-1
1675	0.3151	-0.0209	0.4991	0.2743	0.6017	-1
1675	0.3264	0.4026	0.3472	0.4467	0.3411	3
1676	-0.4986	-0.5	-0.1868	0.4952	0.8985	0
1676	0.2142	-0.498	0.3263	0.2036	0.7799	4
1676	0.3167	-0.0138	0.499	0.2754	0.538	-1
1676	0.3269	0.403	0.3477	0.4473	0.3445	3
1677	-0.4984	-0.5	-0.1858	0.4964	0.8949	0
1677	0.1991	-0.4977	0.3258	0.2068	0.8369	-1
1677	0.3166	-0.0101	0.4989	0.2781	0.6272	-1
1677	0.3269	0.4044	0.3473	0.4481	0.3171	3
1678	-0.4987	-0.5	-0.1865	0.4947	0.8824	0
1678	0.2139	-0.4983	0.3266	0.2004	0.7895	4
1678	0.3176	-0.0114	0.499	0.2779	0.5583	-1
1678	0.3267	0.4037	0.3474	0.4485	0.2896	3
1679	-0.4988	-0.5	-0.1869	0.4948	0.8817	0
1679	0.2142	-0.4984	0.3266	0.2013	0.7867	4
1679	0.3176	-0.0116	0.499	0.2779	0.5607	-1
1679	0.3266	0.4037	0.3474	0.4485	0.2958	3
1680	-0.4988	-0.5	-0.1869	0.4948	0.8815	0
1680	0.2143	-0.4984	0.3266	0.2013	0.787	4
1680	0.3176	-0.0115	0.499	0.278	0.5626	-1
1680	0.3266	0.4037	0.3474	0.4485	0.2958	3
1681	-0.4987	-0.5	-0.188	0.4955	0.8959	0
1681	0.2116	-0.4988	0.3268	0.1983	0.7941	4
1681	0.3167	-0.0192	0.499	0.2764	0.6012	-1
1681	0.3267	0.4025	0.3469	0.4471	0.2601	3
1682	-0.4986	-0.4998	-0.184	0.498	0.9056	0
1682	0.2138	-0.4995	0.327	0.1883	0.8484	4
1682	0.3155	-0.022	0.4989	0.2699	0.5494	-1
1683	-0.4987	-0.4976	-0.1821	0.4989	0.9112	0
1683	0.1986	-0.4999	0.3268	0.1948	0.8694	-1
1683	0.3183	-0.0205	0.4991	0.2667	0.516	-1
1684	-0.4986	-0.4984	-0.1813	0.4991	0.9181	0
1684	0.2025	-0.5	0.3273	0.1909	0.8388	-1
1684	0.3166	-0.0172	0.4986	0.2658	0.5494	-1
1685	-0.4986	-0.4989	-0.1814	0.499	0.9163	0
1685	0.2054	-0.5	0.3273	0.1903	0.8342	4
1685	0.3165	-0.0167	0.4986	0.2659	0.55	-1
1686	-0.4987	-0.4988	-0.1823	0.4989	0.9211	0
1686	0.2082	-0.5	0.328	0.1869	0.853	4
1686	0.3177	-0.0222	0.4987	0.2656	0.6118	-1
1687	-0.4986	-0.5	-0.1826	0.4988	0.905	0
1687	0.206	-0.5	0.3279	0.1866	0.8584	4
1687	0.318	-0.0202	0.4988	0.2679	0.6245	-1
1688	-0.4986	-0.5	-0.1827	0.4988	0.9057	0
1688	0.2072	-0.5	0.3279	0.1869	0.8543	4
1688	0.3182	-0.02	0.4988	0.2679	0.6154	-1
1689	-0.4988	-0.5	-0.1815	0.4988	0.9124	0
1689	0.2185	-0.4998	0.3277	0.188	0.858	-1
1689	0.3186	-0.0195	0.4985	0.2644	0.5368	-1
1690	-0.4987	-0.4937	-0.1819	0.4985	0.9105	0
1690	0.2111	-0.5	0.3262	0.1869	0.8437	4
1690	0.3169	-0.0258	0.4987	0.2628	0.6169	-1
1690	0.3274	0.3947	0.3474	0.4381	0.2732	-1
1691	-0.4983	-0.4675	-0.1813	0.4993	0.9104	-1
1691	0.2021	-0.5	0.3257	0.1901	0.8284	-1
1691	0.3144	-0.0313	0.4988	0.2596	0.7004	-1
1692	-0.4985	-0.4624	-0.1798	0.4995	0.9135	-1
1692	0.2093	-0.4992	0.3261	0.1864	0.8149	4
1692	0.3153	-0.0357	0.4985	0.2601	0.6845	-1
1693	-0.4989	-0.4904	-0.1818	0.4985	0.9186	0
1693	0.2082	-0.4994	0.3269	0.1838	0.8405	4
1693	0.3166	-0.0325	0.4987	0.261	0.7017	-1
1694	-0.4989	-0.4776	-0.1821	0.4981	0.9108	-1
1694	0.2146	-0.5	0.3273	0.1809	0.8443	4
1694	0.3171	-0.0282	0.4987	0.2612	0.7598	-1
1695	-0.4989	-0.4781	-0.182	0.4981	0.912	-1
1695	0.2134	-0.5	0.3273	0.1813	0.8453	4
1695	0.3171	-0.0281	0.4987	0.2611	0.7609	-1
1696	-0.4984	-0.4734	-0.181	0.4991	0.9015	-1
1696	0.2215	-0.5	0.3271	0.1745	0.8302	-1
1696	0.317	-0.0337	0.4985	0.2586	0.7271	-1
1696	0.3281	0.3861	0.3482	0.4336	0.2747	-1
1697	-0.499	-0.4839	-0.1841	0.4979	0.9019	-1
1697	0.2064	-0.5	0.3254	0.1704	0.833	4
1697	0.3172	-0.0397	0.4986	0.2549	0.7545	-1
1697	0.3274	0.3829	0.3478	0.4298	0.3534	-1
1698	-0.499	-0.4696	-0.1833	0.4981	0.91	-1
1698	0.1899	-0.5	0.3258	0.1679	0.8482	-1
1698	0.3171	-0.0393	0.4986	0.2546	0.7455	-1
1698	0.3275	0.3839	0.3477	0.4299	0.389	-1
1699	-0.499	-0.4752	-0.1805	0.4981	0.9171	-1
1699	0.196	-0.5	0.326	0.1667	0.833	-1
1699	0.3165	-0.037	0.4985	0.2527	0.7583	-1
1699	0.3279	0.3838	0.3493	0.4307	0.3106	-1
1700	-0.499	-0.4807	-0.1805	0.498	0.9178	-1
1700	0.1962	-0.5	0.3259	0.1668	0.8316	-1
1700	0.3165	-0.0374	0.4986	0.2527	0.7618	-1
1700	0.3278	0.3838	0.3493	0.4307	0.3162	-1
1701	-0.4981	-0.4894	-0.1784	0.4991	0.9197	-1
1701	0.1956	-0.5	0.3251	0.1724	0.8246	-1
1701	0.3157	-0.0398	0.4986	0.2562	0.7696	-1
1701	0.3277	0.3879	0.3486	0.4323	0.3581	-1
1702	-0.4983	-0.4845	-0.1787	0.4992	0.9162	-1
1702	0.1925	-0.5	0.3251	0.1771	0.8442	-1
1702	0.3153	-0.0388	0.4986	0.2562	0.7825	-1
1702	0.3275	0.3884	0.3485	0.4326	0.3393	-1
1703	-0.4982	-0.4882	-0.178	0.4991	0.9194	-1
1703	0.1909	-0.5	0.3268	0.1693	0.8632	-1
1703	0.3165	-0.0398	0.4985	0.2539	0.7755	-1
1703	0.3275	0.385	0.3497	0.4304	0.3345	-1
1703	0.3353	-0.4919	0.4017	-0.3697	0.2816	-1
1704	-0.4981	-0.4729	-0.1768	0.499	0.923	-1
1704	0.2057	-0.4996	0.3261	0.1741	0.8034	4
1704	0.3183	-0.0419	0.4987	0.249	0.7192	-1
1704	0.3268	0.3802	0.3488	0.4258	0.3271	-1
1705	-0.4981	-0.4738	-0.1768	0.4988	0.9218	-1
1705	0.2086	-0.4995	0.326	0.1739	0.8007	4
1705	0.3184	-0.0419	0.4987	0.249	0.7173	-1
1705	0.3268	0.3802	0.3489	0.4258	0.3292	-1
1706	-0.4981	-0.4789	-0.1769	0.4985	0.9271	-1
1706	0.1876	-0.499	0.3261	0.1702	0.8434	-1
1706	0.3179	-0.0382	0.4987	0.2498	0.7239	-1
1707	-0.4981	-0.4696	-0.1775	0.4987	0.9289	-1
1707	0.1914	-0.4998	0.3275	0.1699	0.8064	-1
1707	0.3185	-0.035	0.4986	0.2493	0.7403	-1
1707	0.3286	0.3789	0.3501	0.4254	0.2652	-1
1708	-0.4983	-0.483	-0.1734	0.4986	0.925	-1
1708	0.1901	-0.4998	0.3266	0.1658	0.8538	-1
1708	0.3166	-0.0462	0.4987	0.2436	0.7515	-1
1708	0.3345	-0.4963	0.3832	-0.3877	0.3436	-1
1709	-0.4982	-0.4905	-0.1721	0.4988	0.9155	0
1709	0.1867	-0.4999	0.328	0.1665	0.832	-1
1709	0.3181	-0.0423	0.4988	0.2425	0.8007	-1
1709	0.2291	-0.5	0.3284	0.1577	0.3102	-1
1710	-0.4982	-0.491	-0.172	0.4989	0.9168	0
1710	0.1867	-0.4999	0.328	0.1665	0.8339	-1
1710	0.3181	-0.0422	0.4987	0.2425	0.8015	-1
1710	0.2288	-0.5	0.3284	0.1577	0.2911	-1
1711	-0.4981	-0.493	-0.1714	0.4986	0.9252	0
1711	0.1875	-0.4996	0.3275	0.1681	0.8373	-1
1711	0.317	-0.04	0.4988	0.2425	0.7758	-1
1711	0.2283	-0.5	0.328	0.1541	0.3686	-1
1712	-0.4981	-0.4936	-0.1717	0.4987	0.9257	0
1712	0.1867	-0.4996	0.3277	0.1677	0.8432	-1
1712	0.3172	-0.04	0.4988	0.2428	0.7777	-1
1712	0.2284	-0.5	0.3282	0.1546	0.3286	-1
1713	-0.4981	-0.495	-0.1718	0.4987	0.9217	0
1713	0.1861	-0.4996	0.3276	0.1693	0.8429	-1
1713	0.3172	-0.0402	0.4988	0.2425	0.7763	-1
1714	-0.498	-0.4881	-0.168	0.4996	0.9032	-1
1714	0.3191	-0.0418	0.4988	0.2411	0.7863	-1
1714	0.2068	-0.5	0.3288	0.1692	0.7645	4
1715	-0.4988	-0.4924	-0.1669	0.4975	0.9044	0
1715	0.2174	-0.4995	0.3266	0.1595	0.828	-1
1715	0.3161	-0.0479	0.4979	0.2356	0.7404	-1
1715	0.3358	-0.4971	0.3755	-0.3927	0.416	-1
1716	-0.4982	-0.4927	-0.1646	0.4993	0.9117	0
1716	0.2183	-0.4994	0.3263	0.1574	0.8215	-1
1716	0.3147	-0.0526	0.4987	0.2345	0.7524	-1
1716	0.3355	-0.4966	0.3816	-0.3923	0.4784	-1
1717	-0.4985	-0.4953	-0.1579	0.4978	0.9291	0
1717	0.2218	-0.5	0.3239	0.1469	0.8327	-1
1717	0.3131	-0.0617	0.499	0.2309	0.733	-1
1717	0.3263	0.3538	0.3462	0.3966	0.3757	-1
1717	0.3324	-0.4994	0.369	-0.3979	0.3039	-1
1718	-0.4984	-0.4919	-0.1537	0.496	0.9397	0
1718	0.1966	-0.4994	0.3182	0.1419	0.8036	-1
1718	0.3115	-0.0707	0.4982	0.2097	0.7616	-1
1718	0.3273	-0.495	0.3614	-0.3943	0.3428	-1
1719	-0.498	-0.4862	-0.1488	0.4959	0.943	-1
1719	0.19	-0.5	0.314	0.1338	0.7752	-1
1719	0.3083	-0.0807	0.4983	0.1984	0.7398	-1
1719	0.323	-0.4927	0.3587	-0.3919	0.2928	-1
1719	0.3218	-0.4975	0.3706	-0.3907	0.2859	-1
1720	-0.4981	-0.4853	-0.1488	0.4958	0.9431	-1
1720	0.1899	-0.5	0.3139	0.1337	0.7703	-1
1720	0.3082	-0.0806	0.4983	0.1985	0.7406	-1
1720	0.3218	-0.4976	0.3707	-0.3906	0.2943	-1
1721	-0.4984	-0.474	-0.1349	0.496	0.9364	-1
1721	0.3017	-0.0821	0.4994	0.1953	0.7399	-1
1721	0.1865	-0.5	0.3178	0.1254	0.5629	-1
1722	-0.4981	-0.5	-0.1264	0.4961	0.9325	0
1722	0.2965	-0.0707	0.4997	0.1815	0.8149	-1
1722	0.1894	-0.4996	0.3001	0.1128	0.7923	-1
1722	0.4551	-0.2106	0.4994	-0.1529	0.2852	-1
1723	-0.4981	-0.5	-0.1164	0.4994	0.9146	0
1723	0.2912	-0.0813	0.4991	0.1605	0.7827	-1
1723	0.192	-0.4934	0.2968	0.078	0.6621	-1
1723	0.4421	-0.2164	0.4943	-0.1623	0.3901	-1
1724	-0.4985	-0.5	-0.1028	0.499	0.8984	0
1724	0.2851	-0.0935	0.4987	0.1413	0.8366	-1
1724	0.4298	-0.2223	0.4813	-0.1687	0.6737	-1
1725	-0.4985	-0.5	-0.1018	0.499	0.9081	0
1725	0.2851	-0.0933	0.4987	0.1414	0.8339	-1
1725	0.4298	-0.2223	0.4813	-0.1687	0.6634	-1
1726	-0.4984	-0.5	-0.0882	0.4998	0.9045	0
1726	0.279	-0.085	0.4835	0.1344	0.8506	-1
1726	0.4807	0.2774	0.4987	0.3282	0.5109	-1
1726	0.4155	-0.2147	0.4629	-0.1643	0.4831	-1
1726	0.4851	0.1447	0.4996	0.1853	0.3037	-1
1727	-0.4995	-0.5	-0.0696	0.5	0.8957	0
1727	0.2782	-0.0795	0.4674	0.1238	0.8606	-1
1727	0.4009	-0.2087	0.4467	-0.16	0.7484	-1
1727	0.3523	-0.5	0.3829	-0.4577	0.5274	-1
1727	0.4704	0.1324	0.4964	0.1723	0.4987	-1
1727	0.4672	0.2625	0.4841	0.3088	0.4584	-1
1727	0.2816	-0.4173	0.2999	-0.344	0.3195	-1
1727	0.1446	0.4612	0.17	0.4976	0.2973	-1
1727	0.1901	-0.4175	0.2755	0.0488	0.2554	-1
1728	0.2699	-0.0587	0.451	0.1274	0.8507	-1
1728	-0.4984	-0.4286	-0.0572	0.4966	0.7149	-1
1728	0.3359	-0.4838	0.3687	-0.424	0.5016	-1
1728	0.3929	-0.1855	0.4308	-0.1418	0.4315	-1
1728	0.1439	0.4548	0.1684	0.4968	0.2659	-1
1729	0.2682	-0.0384	0.4376	0.1412	0.8543	-1
1729	0.3902	-0.5	0.4234	-0.4436	0.7351	-1
1729	0.38	-0.1541	0.4163	-0.1134	0.7138	-1
1729	0.3289	-0.4325	0.3576	-0.378	0.6691	-1
1729	0.4592	-0.4735	0.4806	-0.4387	0.5394	-1
1729	-0.2718	-0.3752	-0.0413	0.4973	0.4189	-1
1729	0.1427	0.4576	0.1665	0.4969	0.4097	-1
1729	-0.4958	-0.4498	-0.0412	0.4998	0.2543	-1
1730	0.2679	-0.0386	0.4377	0.1411	0.8541	-1
1730	0.3903	-0.5	0.4234	-0.4435	0.7271	-1
1730	0.3805	-0.1541	0.4163	-0.1135	0.7146	-1
1730	0.3286	-0.4328	0.3576	-0.3778	0.6727	-1
1730	0.4591	-0.4735	0.4806	-0.4387	0.5307	-1
1730	-0.2722	-0.3731	-0.0414	0.497	0.4664	-1
1730	0.1427	0.4577	0.1665	0.4969	0.3976	-1
1731	0.255	-0.0283	0.4212	0.1504	0.8478	-1
1731	0.3654	-0.1296	0.4007	-0.0903	0.7908	-1
1731	0.366	-0.4905	0.4066	-0.3951	0.7237	-1
1731	0.4397	-0.4274	0.4596	-0.3932	0.7042	-1
1731	-0.4985	-0.2986	-0.0261	0.5	0.7004	-1
1731	0.3747	-0.4796	0.4065	-0.3962	0.6433	-1
1731	0.3508	-0.4949	0.4066	-0.3938	0.6164	-1
1731	0.3215	-0.3799	0.3435	-0.3399	0.4529	-1
1731	0.26	-0.2992	0.2737	-0.2451	0.4469	-1
1731	0.1438	0.4478	0.1661	0.4902	0.3514	-1
1732	0.2573	-0.0249	0.4204	0.1516	0.8582	5
1732	0.3629	-0.1285	0.4006	-0.0884	0.7925	-1
1732	0.3561	-0.4923	0.4059	-0.3916	0.7107	-1
1732	0.4391	-0.424	0.4582	-0.3894	0.7052	-1
1732	0.374	-0.4772	0.4056	-0.393	0.6021	-1
1732	-0.4973	-0.2927	-0.0216	0.5	0.5797	-1
1732	0.144	0.4476	0.1661	0.4896	0.4298	-1
1732	0.2595	-0.2954	0.2732	-0.2403	0.3074	-1
1732	-0.2498	-0.2936	-0.0262	0.4928	0.2603	-1
1733	0.2564	-0.0236	0.4184	0.1522	0.8396	5
1733	0.3613	-0.1252	0.3988	-0.0857	0.7996	-1
1733	0.3482	-0.4945	0.4045	-0.3861	0.7011	-1
1733	0.4366	-0.419	0.4557	-0.3835	0.6799	-1
1733	0.3703	-0.4812	0.4044	-0.3874	0.593	-1
1733	-0.2433	-0.2834	-0.0248	0.4936	0.4668	-1
1733	-0.4973	-0.2853	-0.0209	0.5	0.4455	-1
1733	0.2583	-0.2892	0.2723	-0.2362	0.3419	-1
1733	0.2927	-0.4903	0.3014	-0.4607	0.2727	-1
1733	0.144	0.4462	0.1665	0.4881	0.2724	-1
1734	0.2564	-0.0183	0.4174	0.1512	0.8215	5
1734	0.361	-0.1245	0.397	-0.0858	0.7763	-1
1734	0.3456	-0.4968	0.4029	-0.3851	0.6928	-1
1734	-0.4976	-0.2854	-0.0215	0.5	0.6843	-1
1734	0.4349	-0.4163	0.4549	-0.383	0.6258	-1
1734	0.3665	-0.485	0.4025	-0.3856	0.4868	-1
1734	0.2915	-0.4868	0.3003	-0.4588	0.4613	-1
1734	0.1437	0.4446	0.1662	0.4862	0.3817	-1
1734	0.257	-0.288	0.2706	-0.2356	0.3748	-1
1734	-0.2403	-0.284	-0.0253	0.4906	0.2553	-1
1734	0.316	-0.3722	0.3413	-0.3308	0.2546	-1
1735	0.2565	-0.0182	0.4174	0.1512	0.822	5
1735	0.361	-0.1245	0.397	-0.0858	0.7785	-1
1735	-0.4976	-0.2855	-0.0213	0.5	0.6886	-1
1735	0.3456	-0.4968	0.4029	-0.3851	0.6847	-1
1735	0.4349	-0.4163	0.4549	-0.3831	0.6238	-1
1735	0.3671	-0.4842	0.4025	-0.3856	0.4896	-1
1735	0.2915	-0.4868	0.3003	-0.4588	0.4607	-1
1735	0.1437	0.4446	0.1662	0.4863	0.3937	-1
1735	0.257	-0.288	0.2706	-0.2356	0.3793	-1
1736	0.2536	-0.0217	0.4161	0.1509	0.7711	5
1736	0.3594	-0.1248	0.3955	-0.0857	0.7655	-1
1736	-0.498	-0.2845	-0.0205	0.5	0.7567	-1
1736	0.4327	-0.4179	0.453	-0.3817	0.604	-1
1736	0.3625	-0.4781	0.4009	-0.3833	0.5612	-1
1736	0.3693	-0.4622	0.4008	-0.3844	0.5061	-1
1736	0.3443	-0.4971	0.4015	-0.3836	0.4317	-1
1736	0.1438	0.4432	0.1657	0.4827	0.3885	-1
1736	0.2907	-0.4858	0.2989	-0.458	0.3114	-1
1737	-0.4984	-0.2804	-0.0196	0.5	0.7544	-1
1737	0.2546	-0.0203	0.4161	0.1508	0.7504	5
1737	0.3593	-0.1246	0.3953	-0.0857	0.7451	-1
1737	0.4327	-0.4179	0.453	-0.3817	0.5926	-1
1737	0.3618	-0.4804	0.4009	-0.3833	0.5536	-1
1737	0.3692	-0.4637	0.4008	-0.3844	0.4892	-1
1737	0.3443	-0.497	0.4015	-0.3836	0.4466	-1
1737	0.1439	0.4431	0.1661	0.4837	0.3995	-1
1737	0.2907	-0.4856	0.2988	-0.458	0.2979	-1
1738	0.3578	-0.1245	0.3938	-0.0861	0.7713	-1
1738	0.2579	-0.0165	0.4148	0.1495	0.7638	5
1738	-0.498	-0.2812	-0.0171	0.5	0.704	-1
1738	0.4316	-0.4164	0.4512	-0.3805	0.6275	-1
1738	0.3553	-0.4815	0.3996	-0.3814	0.5144	-1
1738	0.3436	-0.4955	0.4	-0.3812	0.4921	-1
1738	0.3675	-0.4646	0.3994	-0.3826	0.4138	-1
1738	0.29	-0.4841	0.2982	-0.4558	0.3632	-1
1738	0.1434	0.4414	0.1661	0.4819	0.3323	-1
1738	0.4189	0.1582	0.442	0.1925	0.2905	-1
1738	0.4209	0.2688	0.4356	0.3091	0.2715	-1
1739	0.2565	-0.0177	0.4135	0.1484	0.7544	5
1739	-0.498	-0.2788	-0.0175	0.5	0.7436	-1
1739	0.3568	-0.1248	0.3933	-0.0858	0.7247	-1
1739	0.4309	-0.4137	0.4498	-0.3805	0.6532	-1
1739	0.3455	-0.4868	0.399	-0.3797	0.5321	-1
1739	0.3583	-0.4685	0.3983	-0.38	0.3853	-1
1739	0.2895	-0.4825	0.2976	-0.4547	0.292	-1
1739	0.1432	0.4397	0.1661	0.48	0.2874	-1
1739	0.4179	0.1576	0.4413	0.1916	0.2777	-1
1740	0.2569	-0.0175	0.4135	0.1484	0.7607	5
1740	-0.4981	-0.2793	-0.0173	0.5	0.7345	-1
1740	0.3568	-0.1248	0.3933	-0.0858	0.7248	-1
1740	0.4309	-0.4137	0.4498	-0.3805	0.6529	-1
1740	0.3456	-0.4867	0.399	-0.3797	0.531	-1
1740	0.3584	-0.4683	0.3983	-0.38	0.3859	-1
1740	0.1432	0.4397	0.1661	0.4801	0.2909	-1
1740	0.2895	-0.4824	0.2976	-0.4546	0.2902	-1
1740	0.418	0.1577	0.4412	0.1916	0.2769	-1
1741	0.2587	-0.0159	0.4136	0.1479	0.7994	5
1741	0.3558	-0.1248	0.3926	-0.0864	0.746	-1
1741	-0.498	-0.2795	-0.0184	0.5	0.7414	-1
1741	0.342	-0.49	0.3978	-0.3812	0.6518	-1
1741	0.4298	-0.4143	0.4489	-0.3789	0.6369	-1
1741	0.2887	-0.4818	0.2973	-0.4541	0.3298	-1
1741	0.3142	-0.3666	0.3365	-0.328	0.3087	-1
1741	0.1424	0.4373	0.1648	0.4787	0.3002	-1
1742	0.2583	-0.0147	0.4122	0.1464	0.8176	5
1742	0.3555	-0.1252	0.3918	-0.0865	0.7781	-1
1742	-0.4981	-0.2784	-0.0196	0.4997	0.7653	-1
1742	0.4287	-0.4126	0.448	-0.379	0.6993	-1
1742	0.3413	-0.4871	0.3969	-0.3802	0.6026	-1
1742	0.2881	-0.481	0.2969	-0.4538	0.4684	-1
1742	0.3125	-0.367	0.3362	-0.328	0.4009	-1
1742	0.4415	0.4757	0.481	0.4981	0.2755	-1
1742	0.2537	-0.2857	0.2672	-0.2347	0.2617	-1
1743	0.2586	-0.0156	0.4111	0.1438	0.7973	5
1743	0.3546	-0.1259	0.3914	-0.0873	0.7852	-1
1743	0.4282	-0.4132	0.4463	-0.379	0.736	-1
1743	-0.498	-0.2783	-0.0189	0.4995	0.6052	-1
1743	0.341	-0.4858	0.3963	-0.38	0.5617	-1
1743	-0.2336	-0.2759	-0.0217	0.4946	0.513	-1
1743	0.4399	0.4739	0.4827	0.4978	0.3847	-1
1743	0.288	-0.48	0.2963	-0.454	0.3653	-1
1743	0.3124	-0.3664	0.3355	-0.3282	0.3616	-1
1743	0.2533	-0.2855	0.2666	-0.2351	0.3182	-1
1744	0.259	-0.014	0.4101	0.1436	0.8278	5
1744	0.3542	-0.1255	0.3905	-0.0874	0.7676	-1
1744	0.4273	-0.4145	0.4454	-0.3768	0.7613	-1
1744	-0.4981	-0.2757	-0.0206	0.5	0.6804	-1
1744	0.3398	-0.4854	0.395	-0.3781	0.6366	-1
1744	0.3136	-0.3662	0.3347	-0.3284	0.4384	-1
1744	0.4386	0.4731	0.4833	0.4976	0.4319	-1
1744	0.2878	-0.4783	0.2958	-0.4528	0.3859	-1
1744	-0.2315	-0.2728	-0.0237	0.4951	0.319	-1
1744	0.2529	-0.2847	0.266	-0.234	0.2562	-1
1745	0.2591	-0.0139	0.4102	0.1436	0.8281	5
1745	0.3542	-0.1255	0.3905	-0.0874	0.7706	-1
1745	0.4273	-0.4145	0.4454	-0.3768	0.764	-1
1745	-0.4981	-0.2759	-0.0207	0.5	0.665	-1
1745	0.3397	-0.4855	0.395	-0.3781	0.6477	-1
1745	0.3137	-0.3661	0.3347	-0.3283	0.4687	-1
1745	0.4386	0.4731	0.4833	0.4976	0.4312	-1
1745	0.2878	-0.4783	0.2958	-0.4531	0.3785	-1
1745	-0.2313	-0.2729	-0.0238	0.4951	0.328	-1
1745	0.2529	-0.2847	0.266	-0.234	0.2682	-1
1746	0.2582	-0.0115	0.4099	0.1439	0.8001	5
1746	0.3535	-0.1244	0.3898	-0.087	0.7554	-1
1746	0.4265	-0.4119	0.4441	-0.3745	0.7351	-1
1746	0.3392	-0.4828	0.3946	-0.3771	0.7174	-1
1746	-0.4981	-0.272	-0.0195	0.5	0.5923	6
1746	0.4377	0.4725	0.4825	0.4975	0.4513	-1
1746	0.3132	-0.364	0.3342	-0.3263	0.4457	-1
1746	-0.2262	-0.2712	-0.0223	0.4961	0.4068	-1
1746	0.2872	-0.4759	0.2955	-0.4514	0.3823	-1
1746	0.2527	-0.2846	0.2658	-0.2321	0.3136	-1
1747	-0.4983	-0.2698	-0.0204	0.5	0.8074	6
1747	0.258	-0.0125	0.4096	0.1446	0.7793	5
1747	0.3536	-0.1232	0.3893	-0.0856	0.721	-1
1747	0.3388	-0.4791	0.394	-0.3746	0.7099	-1
1747	0.4257	-0.4108	0.444	-0.3729	0.7066	-1
1747	0.4363	0.4724	0.4815	0.4974	0.4432	-1
1747	0.2871	-0.4733	0.2953	-0.4489	0.3632	-1
1747	0.3137	-0.3614	0.3335	-0.325	0.3138	-1
1748	-0.4986	-0.2688	-0.0191	0.5	0.8069	6
1748	0.2598	-0.009	0.4092	0.1444	0.6977	-1
1748	0.3541	-0.1225	0.3891	-0.0852	0.6959	-1
1748	0.3387	-0.4726	0.3937	-0.3737	0.6932	-1
1748	0.4253	-0.4076	0.4436	-0.3727	0.5614	-1
1748	0.4355	0.4716	0.4809	0.4971	0.4473	-1
1748	0.287	-0.471	0.2953	-0.4463	0.3987	-1
1748	0.3141	-0.3598	0.3335	-0.3237	0.3639	-1
1748	0.143	0.4324	0.165	0.4654	0.2873	-1
1749	-0.4988	-0.2678	-0.0185	0.5	0.8457	6
1749	0.2581	-0.0157	0.4092	0.1427	0.7882	5
1749	0.3533	-0.1232	0.3888	-0.0853	0.7728	-1
1749	0.3409	-0.4698	0.3932	-0.374	0.6739	-1
1749	0.4246	-0.4067	0.4435	-0.3713	0.5476	-1
1749	0.4309	0.4706	0.4799	0.4971	0.4957	-1
1749	0.3138	-0.3591	0.333	-0.3241	0.4323	-1
1749	0.3569	-0.4653	0.3928	-0.3741	0.4169	-1
1749	0.2869	-0.4696	0.2951	-0.4451	0.3961	-1
1749	0.1431	0.4304	0.1657	0.4641	0.2916	-1
1749	0.2525	-0.2807	0.2653	-0.2304	0.2553	-1
1750	-0.4987	-0.2678	-0.0185	0.5	0.833	6
1750	0.2581	-0.0157	0.4092	0.1428	0.7915	5
1750	0.3533	-0.1232	0.3888	-0.0853	0.7736	-1
1750	0.3412	-0.4697	0.3932	-0.3739	0.6705	-1
1750	0.4246	-0.4067	0.4435	-0.3713	0.5474	-1
1750	0.4309	0.4706	0.4799	0.4971	0.4983	-1
1750	0.3138	-0.3591	0.333	-0.3241	0.4282	-1
1750	0.3575	-0.4649	0.3928	-0.374	0.4223	-1
1750	0.2869	-0.4696	0.2951	-0.4451	0.3942	-1
1750	0.1431	0.4303	0.1657	0.4641	0.2894	-1
1750	0.2525	-0.2807	0.2653	-0.2304	0.2517	-1
1751	-0.5	-0.2715	-0.0193	0.4992	0.8727	6
1751	0.2586	-0.0168	0.4088	0.1413	0.8167	5
1751	0.3525	-0.1248	0.3882	-0.0866	0.7647	-1
1751	0.3385	-0.4714	0.3929	-0.3741	0.6984	-1
1751	0.424	-0.4046	0.443	-0.3715	0.5141	-1
1751	0.4275	0.4691	0.4801	0.4969	0.4488	-1
1751	0.3135	-0.3594	0.3325	-0.3245	0.4062	-1
1751	0.2866	-0.4694	0.2948	-0.4448	0.3363	-1
1751	0.1436	0.4283	0.1656	0.4609	0.274	-1
1752	-0.5	-0.2716	-0.0192	0.4992	0.8811	6
1752	0.2586	-0.0168	0.4088	0.1413	0.8164	5
1752	0.3525	-0.1248	0.3882	-0.0866	0.763	-1
1752	0.3384	-0.4714	0.3929	-0.3741	0.6984	-1
1752	0.424	-0.4046	0.443	-0.3715	0.5131	-1
1752	0.4275	0.4691	0.4801	0.4969	0.448	-1
1752	0.3135	-0.3594	0.3325	-0.3245	0.4031	-1
1752	0.2866	-0.4694	0.2948	-0.4448	0.335	-1
1752	0.1435	0.4283	0.1656	0.4609	0.2661	-1
1753	-0.4993	-0.2664	-0.0192	0.5	0.8587	6
1753	0.259	-0.0135	0.4081	0.1393	0.8325	5
1753	0.3517	-0.1265	0.3875	-0.087	0.7667	7
1753	0.3447	-0.47	0.3923	-0.3753	0.6614	-1
1753	0.4235	-0.4063	0.4417	-0.3729	0.4544	-1
1753	0.3138	-0.3597	0.3316	-0.3254	0.4306	-1
1753	0.4224	0.4684	0.4795	0.4966	0.3801	-1
1753	0.36	-0.4648	0.3919	-0.3754	0.3483	-1
1753	0.2857	-0.4697	0.2945	-0.4448	0.273	-1
1753	0.4806	0.0262	0.4996	0.1315	0.2627	-1
1754	-0.4995	-0.2725	-0.0183	0.4986	0.9089	6
1754	0.26	-0.0165	0.4068	0.1373	0.8298	5
1754	0.3505	-0.1277	0.3862	-0.088	0.7188	7
1754	0.3523	-0.4658	0.3912	-0.3766	0.6605	-1
1754	0.3387	-0.4727	0.3911	-0.3762	0.6064	-1
1754	0.4211	-0.407	0.4406	-0.3731	0.4963	-1
1754	0.3133	-0.36	0.3307	-0.3249	0.4053	-1
1754	0.4222	0.468	0.4785	0.4963	0.3606	-1
1754	0.3617	-0.4573	0.3909	-0.3767	0.3486	-1
1754	0.4796	0.0254	0.4995	0.1316	0.3259	-1
1755	-0.4993	-0.2733	-0.0189	0.4987	0.9093	6
1755	0.2591	-0.0164	0.4068	0.1373	0.8341	5
1755	0.3506	-0.1277	0.3862	-0.088	0.6996	7
1755	0.3541	-0.4645	0.3911	-0.3767	0.6499	-1
1755	0.3393	-0.4718	0.3911	-0.3763	0.5905	-1
1755	0.421	-0.4069	0.4406	-0.3732	0.4932	-1
1755	0.3133	-0.36	0.3307	-0.3249	0.378	-1
1755	0.3621	-0.4556	0.3908	-0.3767	0.358	-1
1755	0.4222	0.468	0.4784	0.4963	0.353	-1
1755	0.4796	0.0248	0.4995	0.1312	0.3237	-1
1755	0.2517	-0.2818	0.2646	-0.2324	0.2531	-1
1756	-0.4989	-0.2682	-0.0179	0.4997	0.903	6
1756	0.2553	-0.0172	0.4058	0.1368	0.836	5
1756	0.3374	-0.4715	0.39	-0.3752	0.736	-1
1756	0.3494	-0.1277	0.385	-0.0884	0.6986	7
1756	0.4198	-0.4099	0.4393	-0.3733	0.4525	-1
1756	0.4202	0.4673	0.4777	0.4962	0.3446	-1
1756	0.4783	0.0252	0.4995	0.1302	0.3093	-1
1756	0.3126	-0.3595	0.3296	-0.3248	0.2945	-1
1757	-0.4991	-0.2687	-0.0153	0.4998	0.8884	6
1757	0.2522	-0.0144	0.4047	0.1364	0.7838	5
1757	0.358	-0.4559	0.3881	-0.3733	0.6839	-1
1757	0.3487	-0.1271	0.3838	-0.0881	0.6484	7
1757	0.345	-0.4596	0.388	-0.3725	0.5739	-1
1757	0.4187	-0.4046	0.4377	-0.3715	0.4774	-1
1757	0.4204	0.4644	0.4757	0.4963	0.3765	-1
1757	0.4775	0.0277	0.4999	0.1322	0.3045	-1
1757	0.3343	-0.4729	0.3882	-0.372	0.2791	-1
1758	-0.4999	-0.2688	-0.0141	0.4987	0.8907	6
1758	0.2512	-0.0169	0.4046	0.1354	0.8019	5
1758	0.3488	-0.1272	0.3838	-0.0881	0.7005	7
1758	0.3556	-0.4559	0.3882	-0.3729	0.6983	-1
1758	0.3405	-0.4598	0.3881	-0.3719	0.5984	-1
1758	0.4186	-0.4044	0.4372	-0.3706	0.5472	-1
1758	0.4198	0.4632	0.4757	0.4962	0.3993	-1
1758	0.4772	0.0254	0.4999	0.1292	0.3372	-1
1758	0.3114	-0.3575	0.3292	-0.3227	0.2995	-1
1758	0.4411	-0.5	0.454	-0.4791	0.2628	-1
1759	-0.4999	-0.2687	-0.0139	0.4986	0.8924	6
1759	0.2513	-0.0168	0.4046	0.1354	0.8016	5
1759	0.3489	-0.1272	0.3838	-0.0881	0.7039	7
1759	0.3558	-0.4557	0.3883	-0.3728	0.6984	-1
1759	0.3407	-0.4596	0.3882	-0.3719	0.5978	-1
1759	0.4186	-0.4044	0.4372	-0.3706	0.5489	-1
1759	0.4198	0.4632	0.4757	0.4962	0.4008	-1
1759	0.4772	0.0254	0.4999	0.1292	0.3379	-1
1759	0.3114	-0.3575	0.3292	-0.3227	0.295	-1
1759	0.4411	-0.5	0.454	-0.4792	0.2602	-1
1760	-0.4994	-0.2649	-0.0135	0.4994	0.8675	6
1760	0.2522	-0.0173	0.4045	0.1356	0.7834	5
1760	0.3597	-0.4444	0.3884	-0.3729	0.7021	-1
1760	0.3489	-0.127	0.3838	-0.0882	0.6751	7
1760	0.4187	-0.4038	0.437	-0.3702	0.5429	-1
1760	0.4197	0.4621	0.4756	0.496	0.3916	-1
1760	0.4769	0.0257	0.4999	0.1283	0.3594	-1
1760	0.441	-0.5	0.4536	-0.4782	0.3154	-1
1760	0.3113	-0.356	0.3288	-0.3222	0.2634	-1
1761	-0.4993	-0.2631	-0.0132	0.4996	0.8698	6
1761	0.2506	-0.0178	0.404	0.135	0.7552	5
1761	0.3592	-0.4457	0.3882	-0.3727	0.7058	-1
1761	0.3484	-0.1278	0.3831	-0.0888	0.5988	7
1761	0.4185	-0.4029	0.4364	-0.3701	0.5456	-1
1761	0.4197	0.4613	0.4751	0.4958	0.3846	-1
1761	0.4764	0.0245	0.4998	0.1274	0.3283	-1
1761	0.4406	-0.5	0.4527	-0.4779	0.323	-1
1761	0.3107	-0.3563	0.3289	-0.3221	0.2981	-1
1761	0.3627	0.4658	0.384	0.4973	0.2509	-1
1762	-0.4992	-0.2665	-0.0138	0.4996	0.88	6
1762	0.2505	-0.0168	0.4032	0.1341	0.7641	5
1762	0.3587	-0.4464	0.3867	-0.3722	0.6949	-1
1762	0.3481	-0.1274	0.3823	-0.0889	0.5671	7
1762	0.417	-0.4021	0.4361	-0.3689	0.5291	-1
1762	0.4181	0.46	0.4742	0.4959	0.3619	-1
1762	0.4396	-0.5	0.4517	-0.4766	0.3449	-1
1762	0.3623	0.4656	0.3836	0.4973	0.3262	-1
1762	0.4763	0.0242	0.4998	0.1265	0.2914	-1
1763	-0.4992	-0.2656	-0.0142	0.4995	0.8926	6
1763	0.2492	-0.025	0.4026	0.1333	0.8085	-1
1763	0.3577	-0.4465	0.3859	-0.373	0.6727	-1
1763	0.4165	-0.4007	0.4355	-0.3694	0.5366	-1
1763	0.347	-0.1274	0.381	-0.0894	0.5339	7
1763	0.4155	0.4587	0.4741	0.496	0.3774	-1
1763	0.4385	-0.5	0.4507	-0.4766	0.3538	-1
1763	0.4745	0.0233	0.4998	0.1258	0.3105	-1
1763	0.309	-0.3557	0.3271	-0.3219	0.2943	-1
1763	0.3617	0.4651	0.3832	0.4971	0.2936	-1
1763	0.409	0.2497	0.4242	0.2908	0.2723	-1
1764	-0.4992	-0.2656	-0.0141	0.4994	0.8917	6
1764	0.2495	-0.025	0.4026	0.1333	0.8067	-1
1764	0.3576	-0.4466	0.3859	-0.373	0.6709	-1
1764	0.4165	-0.4007	0.4355	-0.3694	0.5383	-1
1764	0.347	-0.1274	0.381	-0.0894	0.5333	7
1764	0.4155	0.4587	0.4741	0.496	0.3759	-1
1764	0.4385	-0.5	0.4507	-0.4766	0.3561	-1
1764	0.4745	0.0232	0.4998	0.1258	0.3097	-1
1764	0.309	-0.3557	0.3271	-0.3219	0.2976	-1
1764	0.3617	0.4651	0.3832	0.4971	0.2922	-1
1764	0.4089	0.2497	0.4242	0.2908	0.2747	-1
1765	-0.4995	-0.2648	-0.0146	0.4997	0.8872	6
1765	0.249	-0.0235	0.4019	0.1327	0.7751	-1
1765	0.3563	-0.4473	0.3849	-0.3722	0.6483	-1
1765	0.4153	-0.4019	0.4342	-0.3691	0.5171	-1
1765	0.3468	-0.1276	0.3801	-0.0903	0.4556	7
1765	0.4164	0.4577	0.4735	0.4962	0.4015	-1
1765	0.4737	0.0232	0.4998	0.1254	0.3589	-1
1765	0.3609	0.464	0.3825	0.497	0.3415	-1
1765	0.3421	-0.4629	0.3848	-0.3714	0.3364	-1
1765	0.4083	0.2495	0.4234	0.2899	0.2944	-1
1765	0.4379	-0.5	0.4498	-0.4758	0.2936	-1
1765	0.3332	-0.4658	0.3623	-0.3789	0.2583	-1
1766	-0.4994	-0.2641	-0.0132	0.4993	0.8942	6
1766	0.2611	-0.0197	0.4011	0.1321	0.7833	5
1766	0.3541	-0.4492	0.3845	-0.3725	0.5882	-1
1766	0.4149	-0.4009	0.4332	-0.3692	0.5266	-1
1766	0.3361	-0.4653	0.3845	-0.3716	0.454	-1
1766	0.3464	-0.1276	0.3797	-0.0911	0.4067	7
1766	0.4727	0.0214	0.4998	0.1244	0.39	-1
1766	0.3606	0.4629	0.3822	0.4969	0.3768	-1
1766	0.437	-0.5	0.4488	-0.4753	0.3113	-1
1766	0.4659	-0.4502	0.4778	-0.4228	0.298	-1
1766	0.4129	0.4566	0.4732	0.4962	0.2767	-1
1766	0.4078	0.2479	0.4226	0.2888	0.2749	-1
1766	0.3068	-0.3554	0.3255	-0.3221	0.272	-1
1767	-0.4994	-0.264	-0.0132	0.4993	0.8937	6
1767	0.2608	-0.0198	0.4011	0.1321	0.7822	5
1767	0.3541	-0.4493	0.3845	-0.3725	0.586	-1
1767	0.4149	-0.4009	0.4332	-0.3692	0.5229	-1
1767	0.3361	-0.4653	0.3845	-0.3716	0.4539	-1
1767	0.3464	-0.1276	0.3797	-0.0911	0.4003	7
1767	0.4727	0.0215	0.4998	0.1244	0.3866	-1
1767	0.3606	0.463	0.3822	0.4969	0.3705	-1
1767	0.437	-0.5	0.4488	-0.4753	0.3079	-1
1767	0.4659	-0.4502	0.4778	-0.4228	0.2957	-1
1767	0.4129	0.4566	0.4731	0.4962	0.2718	-1
1767	0.3068	-0.3554	0.3255	-0.3221	0.2677	-1
1767	0.4077	0.248	0.4226	0.2888	0.2653	-1
1768	-0.4999	-0.27	-0.0153	0.4991	0.9057	6
1768	0.2592	-0.0203	0.4009	0.1313	0.7639	5
1768	0.3482	-0.4543	0.3839	-0.3724	0.5953	-1
1768	0.3332	-0.468	0.3838	-0.3716	0.5751	-1
1768	0.4147	-0.4014	0.4324	-0.3694	0.5086	-1
1768	0.3602	0.4629	0.3819	0.4967	0.407	-1
1768	0.4713	0.0208	0.4998	0.1238	0.3922	-1
1768	0.345	-0.1283	0.3794	-0.0914	0.3838	7
1768	0.2799	-0.4648	0.2882	-0.4409	0.3195	-1
1768	0.402	0.4557	0.4727	0.4963	0.2835	-1
1768	0.3065	-0.355	0.3251	-0.3222	0.2699	-1
1768	0.4076	0.2475	0.4217	0.2875	0.2588	-1
1769	-0.4994	-0.2718	-0.0137	0.4989	0.8896	6
1769	0.2591	-0.0211	0.4004	0.1309	0.806	5
1769	0.3321	-0.4688	0.3838	-0.372	0.6264	-1
1769	0.3433	-0.4574	0.3839	-0.3728	0.5947	-1
1769	0.4143	-0.4035	0.4322	-0.3694	0.5824	-1
1769	0.3446	-0.129	0.3794	-0.0923	0.5222	7
1769	0.36	0.4604	0.3814	0.4966	0.4787	-1
1769	0.4708	0.0206	0.4998	0.1234	0.4273	-1
1769	0.4359	-0.5	0.4479	-0.4758	0.362	-1
1769	0.2798	-0.4647	0.2882	-0.4408	0.3545	-1
1769	0.3063	-0.3548	0.3247	-0.322	0.3323	-1
1769	0.4652	-0.4508	0.477	-0.4226	0.3262	-1
1770	0.2597	-0.0209	0.3999	0.1308	0.8281	5
1770	-0.4996	-0.2715	-0.0121	0.4988	0.8223	6
1770	0.3314	-0.4675	0.3836	-0.3717	0.6114	-1
1770	0.3446	-0.4532	0.3835	-0.3725	0.6012	-1
1770	0.4139	-0.4043	0.4319	-0.3697	0.5552	-1
1770	0.3439	-0.1298	0.3788	-0.0925	0.5209	7
1770	0.3598	0.4589	0.3806	0.4965	0.4791	-1
1770	0.4708	0.0195	0.4998	0.1229	0.4167	-1
1770	0.4353	-0.5	0.4479	-0.476	0.3603	-1
1770	0.2797	-0.4647	0.2879	-0.441	0.3507	-1
1770	0.4647	-0.4514	0.4765	-0.4233	0.329	-1
1770	0.3058	-0.3549	0.3246	-0.3226	0.2921	-1
1770	0.354	-0.4465	0.3833	-0.3726	0.2792	-1
1771	-0.4988	-0.267	-0.0114	0.5	0.8805	6
1771	0.2584	-0.0213	0.3997	0.1303	0.8294	5
1771	0.3306	-0.4675	0.383	-0.3724	0.6389	-1
1771	0.3406	-0.4554	0.3828	-0.3731	0.5904	-1
1771	0.4137	-0.4035	0.4317	-0.37	0.518	-1
1771	0.3438	-0.1308	0.3784	-0.0931	0.4618	7
1771	0.3596	0.459	0.3801	0.4965	0.4327	-1
1771	0.4697	0.0194	0.4996	0.1215	0.4079	-1
1771	0.2796	-0.4648	0.2877	-0.4413	0.3596	-1
1771	0.4347	-0.5	0.4476	-0.476	0.2895	-1
1771	0.306	-0.355	0.3245	-0.3231	0.2788	-1
1771	0.4642	-0.4515	0.4761	-0.4244	0.2655	-1
1772	-0.4991	-0.2657	-0.0124	0.5	0.8891	6
1772	0.2577	-0.0203	0.3995	0.1304	0.8311	5
1772	0.3313	-0.4669	0.3829	-0.3722	0.5646	-1
1772	0.3466	-0.4533	0.3826	-0.3731	0.5604	-1
1772	0.4136	-0.402	0.4315	-0.3698	0.5007	-1
1772	0.3441	-0.131	0.3782	-0.0933	0.4469	7
1772	0.3597	0.4577	0.38	0.4965	0.4245	-1
1772	0.4695	0.0191	0.4996	0.1214	0.3827	-1
1772	0.2795	-0.4648	0.2877	-0.4414	0.3606	-1
1772	0.058	0.4451	0.1139	0.4961	0.2735	-1
1773	-0.4992	-0.2674	-0.0118	0.5	0.8926	6
1773	0.2596	-0.0198	0.3992	0.1296	0.8188	5
1773	0.3517	-0.4486	0.3823	-0.3725	0.6028	-1
1773	0.4134	-0.4014	0.4313	-0.3692	0.5458	-1
1773	0.3345	-0.4636	0.3826	-0.3718	0.4885	-1
1773	0.3597	0.4565	0.3795	0.4963	0.4329	-1
1773	0.3441	-0.1308	0.3782	-0.0937	0.4224	7
1773	0.4695	0.0191	0.4996	0.1208	0.3919	-1
1773	0.2796	-0.4646	0.2878	-0.441	0.3458	-1
1773	0.0593	0.444	0.1145	0.4961	0.2671	-1
1774	-0.4992	-0.2671	-0.0119	0.5	0.8924	6
1774	0.2595	-0.0198	0.3992	0.1296	0.8196	5
1774	0.3516	-0.4487	0.3823	-0.3725	0.6028	-1
1774	0.4134	-0.4015	0.4313	-0.3692	0.5454	-1
1774	0.3344	-0.4637	0.3826	-0.3718	0.4905	-1
1774	0.3597	0.4565	0.3795	0.4963	0.4339	-1
1774	0.3441	-0.1307	0.3782	-0.0937	0.4179	7
1774	0.4695	0.0191	0.4996	0.1208	0.3933	-1
1774	0.2796	-0.4646	0.2878	-0.4411	0.3461	-1
1774	0.0592	0.4441	0.1145	0.4961	0.28	-1
1775	-0.4991	-0.2669	-0.0117	0.4999	0.8863	6
1775	0.2584	-0.0204	0.3992	0.1295	0.826	5
1775	0.3313	-0.4658	0.3826	-0.3714	0.6424	-1
1775	0.4135	-0.3994	0.4311	-0.3689	0.5752	-1
1775	0.3595	0.4557	0.3792	0.4962	0.435	-1
1775	0.4692	0.0192	0.4996	0.1206	0.4038	-1
1775	0.3438	-0.1305	0.3782	-0.0927	0.3904	7
1775	0.4345	-0.5	0.4471	-0.4735	0.3051	-1
1775	0.0586	0.4451	0.1132	0.4965	0.2966	-1
1775	0.34	-0.4509	0.3826	-0.372	0.2885	-1
1775	0.394	0.453	0.4694	0.497	0.2816	-1
1775	0.4635	-0.4505	0.4754	-0.4226	0.2668	-1
1775	0.1426	0.4088	0.1626	0.4406	0.2522	-1
1776	-0.499	-0.266	-0.0119	0.5	0.9152	6
1776	0.2573	-0.022	0.3985	0.1291	0.8311	5
1776	0.4135	-0.3998	0.4308	-0.3688	0.5915	-1
1776	0.3316	-0.4656	0.3823	-0.3708	0.5868	-1
1776	0.3451	-0.4531	0.382	-0.3715	0.5577	-1
1776	0.3594	0.454	0.3786	0.4961	0.4356	-1
1776	0.4686	0.0194	0.4996	0.121	0.4169	-1
1776	0.3441	-0.1299	0.3778	-0.0928	0.3947	7
1776	0.4345	-0.5	0.4467	-0.4733	0.3316	-1
1776	0.0602	0.4436	0.113	0.4965	0.322	-1
1776	0.3932	0.4516	0.4695	0.4971	0.3032	-1
1776	0.1428	0.4082	0.1624	0.4397	0.2615	-1
1777	-0.499	-0.2666	-0.0118	0.4998	0.9109	6
1777	0.2574	-0.022	0.3985	0.1292	0.8319	5
1777	0.4135	-0.3998	0.4308	-0.3688	0.588	-1
1777	0.3319	-0.4653	0.3823	-0.3708	0.5773	-1
1777	0.3461	-0.4526	0.382	-0.3715	0.5595	-1
1777	0.3594	0.4538	0.3786	0.4961	0.435	-1
1777	0.4686	0.0193	0.4996	0.121	0.4218	-1
1777	0.3441	-0.1299	0.3778	-0.0928	0.3985	7
1777	0.4345	-0.5	0.4467	-0.4733	0.3409	-1
1777	0.3932	0.4515	0.4695	0.4971	0.3176	-1
1777	0.0601	0.4432	0.1129	0.4965	0.3105	-1
1778	-0.499	-0.2645	-0.0124	0.5	0.8985	6
1778	0.2531	-0.021	0.3982	0.129	0.8413	5
1778	0.3289	-0.4672	0.3812	-0.3711	0.7384	-1
1778	0.4126	-0.3992	0.4303	-0.3685	0.5752	-1
1778	0.343	-0.1298	0.3773	-0.0933	0.5412	7
1778	0.3587	0.4536	0.3782	0.4959	0.4795	-1
1778	0.3927	0.4496	0.4688	0.497	0.3983	-1
1778	0.0603	0.4425	0.1128	0.4966	0.3778	-1
1778	0.433	-0.5	0.4463	-0.473	0.3191	-1
1778	0.3049	-0.3538	0.3238	-0.3222	0.2877	-1
1778	0.4677	0.0188	0.4996	0.1194	0.2834	-1
1778	0.279	-0.4641	0.287	-0.4399	0.2802	-1
1778	0.405	0.243	0.4194	0.2824	0.2702	-1
1778	0.3429	-0.4584	0.381	-0.3708	0.27	-1
1778	0.4623	-0.4495	0.4741	-0.4225	0.2517	-1
1779	-0.499	-0.2645	-0.0125	0.5	0.8999	6
1779	0.253	-0.021	0.3982	0.129	0.8411	5
1779	0.3289	-0.4672	0.3812	-0.371	0.7408	-1
1779	0.4125	-0.3992	0.4303	-0.3685	0.5794	-1
1779	0.3429	-0.1299	0.3773	-0.0933	0.5438	7
1779	0.3587	0.4537	0.3781	0.4959	0.4802	-1
1779	0.3927	0.4497	0.4688	0.497	0.3969	-1
1779	0.0603	0.4425	0.1128	0.4966	0.377	-1
1779	0.433	-0.5	0.4463	-0.473	0.32	-1
1779	0.3049	-0.3539	0.3238	-0.3221	0.2917	-1
1779	0.4677	0.0188	0.4996	0.1194	0.2825	-1
1779	0.279	-0.4641	0.287	-0.4398	0.2799	-1
1779	0.3427	-0.4586	0.381	-0.3708	0.2727	-1
1779	0.405	0.243	0.4194	0.2824	0.2711	-1
1779	0.4623	-0.4495	0.4741	-0.4225	0.2525	-1
1780	-0.499	-0.2643	-0.0122	0.4999	0.8967	6
1780	0.253	-0.021	0.3982	0.129	0.8409	5
1780	0.3289	-0.4672	0.3812	-0.371	0.7379	-1
1780	0.4125	-0.3992	0.4303	-0.3686	0.576	-1
1780	0.3429	-0.1299	0.3773	-0.0933	0.5382	7
1780	0.3587	0.4536	0.3781	0.4959	0.4722	-1
1780	0.3927	0.4497	0.4688	0.497	0.3872	-1
1780	0.0603	0.4424	0.1128	0.4966	0.3706	-1
1780	0.433	-0.5	0.4463	-0.473	0.313	-1
1780	0.3049	-0.3539	0.3238	-0.3221	0.2952	-1
1780	0.4677	0.0188	0.4996	0.1194	0.278	-1
1780	0.279	-0.4641	0.287	-0.4398	0.2766	-1
1780	0.3428	-0.4585	0.381	-0.3708	0.2711	-1
1780	0.4051	0.2431	0.4194	0.2824	0.2571	-1
1781	-0.4989	-0.2659	-0.0126	0.4994	0.9112	6
1781	0.2543	-0.0204	0.3975	0.1289	0.8441	5
1781	0.3404	-0.4576	0.3804	-0.3712	0.6743	-1
1781	0.3503	-0.4488	0.38	-0.3711	0.5978	-1
1781	0.3428	-0.1302	0.3769	-0.0926	0.483	7
1781	0.4116	-0.3994	0.4295	-0.3688	0.4819	-1
1781	0.3286	-0.4669	0.3801	-0.3695	0.4676	-1
1781	0.3579	0.4539	0.3775	0.4956	0.4383	-1
1781	0.0577	0.4413	0.1132	0.4964	0.4019	-1
1781	0.4675	0.0177	0.4998	0.1201	0.3806	-1
1781	0.1421	0.4068	0.162	0.4382	0.3305	-1
1781	0.3922	0.4491	0.4682	0.4968	0.3043	-1
1781	0.4045	0.243	0.4189	0.282	0.3039	-1
1781	0.2785	-0.464	0.2864	-0.4397	0.3024	-1
1781	0.3042	-0.3539	0.3235	-0.3226	0.2582	-1
1782	-0.4989	-0.2655	-0.0128	0.4997	0.9058	6
1782	0.2545	-0.0216	0.3971	0.1282	0.8536	5
1782	0.3368	-0.4573	0.3798	-0.3712	0.6721	-1
1782	0.3491	-0.4491	0.3793	-0.3711	0.5907	-1
1782	0.3575	0.4525	0.3771	0.4954	0.488	-1
1782	0.4105	-0.399	0.4286	-0.3688	0.455	-1
1782	0.3427	-0.1299	0.3752	-0.0931	0.451	7
1782	0.3917	0.4462	0.4671	0.4969	0.4081	-1
1782	0.0574	0.441	0.1133	0.4964	0.4067	-1
1782	0.1419	0.4059	0.1621	0.4377	0.3476	-1
1782	0.4039	0.242	0.4185	0.2811	0.3429	-1
1782	0.4673	0.0176	0.4998	0.1191	0.3319	-1
1782	0.3273	-0.4702	0.3813	-0.3696	0.3008	-1
1782	0.2782	-0.4641	0.2859	-0.4393	0.2701	-1
1783	-0.4988	-0.2654	-0.0129	0.4998	0.9048	6
1783	0.2543	-0.0216	0.3971	0.1282	0.8543	5
1783	0.3368	-0.4574	0.3798	-0.3711	0.6725	-1
1783	0.3491	-0.4492	0.3793	-0.3711	0.592	-1
1783	0.3575	0.4525	0.3771	0.4954	0.4907	-1
1783	0.3425	-0.1303	0.3758	-0.0931	0.4577	7
1783	0.4105	-0.399	0.4285	-0.3688	0.4547	-1
1783	0.3917	0.4462	0.467	0.4969	0.4124	-1
1783	0.0573	0.441	0.1134	0.4964	0.4	-1
1783	0.4039	0.242	0.4185	0.2811	0.3496	-1
1783	0.1419	0.4059	0.162	0.4377	0.3457	-1
1783	0.4673	0.0176	0.4998	0.1191	0.3362	-1
1783	0.3273	-0.4701	0.3813	-0.3696	0.2997	-1
1783	0.2782	-0.4641	0.2859	-0.4393	0.2697	-1
1784	-0.4988	-0.2653	-0.0133	0.4998	0.8925	6
1784	0.2544	-0.0212	0.3969	0.1276	0.8491	5
1784	0.3329	-0.4588	0.3795	-0.3718	0.6989	-1
1784	0.3465	-0.4509	0.3791	-0.3717	0.6008	-1
1784	0.3916	0.4435	0.4671	0.4969	0.5334	-1
1784	0.3431	-0.1303	0.3748	-0.0935	0.4894	7
1784	0.3574	0.4514	0.3771	0.4945	0.4817	-1
1784	0.4093	-0.399	0.4282	-0.369	0.4388	-1
1784	0.4036	0.242	0.4181	0.2803	0.3822	-1
1784	0.4672	0.0173	0.4998	0.1181	0.3238	-1
1784	0.2779	-0.4641	0.2856	-0.4388	0.2993	-1
1784	0.1416	0.4052	0.1616	0.437	0.2866	-1
1784	0.3029	-0.3549	0.3223	-0.3235	0.284	-1
1784	0.4303	-0.5	0.4433	-0.4737	0.2693	-1
1784	0.4599	-0.4476	0.4712	-0.422	0.26	-1
1785	-0.4987	-0.2637	-0.0133	0.4998	0.8587	6
1785	0.2544	-0.021	0.3969	0.1276	0.8457	5
1785	0.333	-0.4592	0.3795	-0.3717	0.7035	-1
1785	0.3466	-0.4512	0.3791	-0.3716	0.6071	-1
1785	0.3915	0.4435	0.467	0.4969	0.5255	-1
1785	0.3572	0.4511	0.3772	0.4945	0.4876	-1
1785	0.3436	-0.1302	0.3748	-0.0936	0.4532	7
1785	0.4093	-0.3989	0.4282	-0.369	0.4363	-1
1785	0.4037	0.242	0.4181	0.2801	0.3803	-1
1785	0.303	-0.3548	0.3223	-0.3233	0.2977	-1
1785	0.1416	0.4052	0.1616	0.437	0.2966	-1
1785	0.2778	-0.4641	0.2856	-0.4388	0.2958	-1
1785	0.4671	0.0178	0.4999	0.1174	0.2888	-1
1785	0.4303	-0.5	0.4433	-0.4737	0.2649	-1
1785	0.46	-0.4475	0.4712	-0.4221	0.2598	-1
1786	-0.4987	-0.2636	-0.0133	0.4998	0.848	6
1786	0.2544	-0.0209	0.3969	0.1275	0.8451	5
1786	0.333	-0.4592	0.3795	-0.3717	0.7036	-1
1786	0.3466	-0.4512	0.3791	-0.3716	0.6067	-1
1786	0.3915	0.4435	0.467	0.4969	0.5258	-1
1786	0.3572	0.4511	0.3772	0.4945	0.4873	-1
1786	0.3436	-0.1302	0.3748	-0.0936	0.4545	7
1786	0.4093	-0.3989	0.4282	-0.369	0.437	-1
1786	0.4037	0.242	0.4181	0.2801	0.3807	-1
1786	0.303	-0.3548	0.3223	-0.3233	0.2983	-1
1786	0.1416	0.4052	0.1616	0.437	0.297	-1
1786	0.2778	-0.4641	0.2856	-0.4388	0.2961	-1
1786	0.4671	0.0178	0.4999	0.1174	0.29	-1
1786	0.4303	-0.5	0.4433	-0.4737	0.2652	-1
1786	0.46	-0.4475	0.4712	-0.4221	0.2603	-1
1787	-0.4989	-0.2753	-0.0131	0.4996	0.9123	-1
1787	0.2518	-0.0242	0.3973	0.1265	0.8441	5
1787	0.348	-0.4523	0.3789	-0.3725	0.6878	-1
1787	0.3569	0.4488	0.3773	0.4922	0.5734	-1
1787	0.334	-0.458	0.379	-0.3715	0.5602	-1
1787	0.3911	0.4411	0.4667	0.4967	0.5535	-1
1787	0.3442	-0.1317	0.3752	-0.0956	0.5363	7
1787	0.4088	-0.4005	0.4281	-0.3692	0.503	-1
1787	0.4031	0.2405	0.4181	0.2788	0.404	-1
1787	0.4667	0.0152	0.4999	0.1156	0.3416	-1
1787	0.2778	-0.4643	0.2856	-0.4395	0.3299	-1
1787	0.4301	-0.5	0.4432	-0.4743	0.3191	-1
1787	0.1419	0.4027	0.1621	0.4355	0.3012	-1
1787	0.4596	-0.4487	0.4708	-0.4225	0.2875	-1
1787	0.0585	0.4384	0.1146	0.4961	0.2871	-1
1787	0.303	-0.3556	0.3225	-0.324	0.2662	-1
1788	-0.4988	-0.2667	-0.0116	0.5	0.8842	6
1788	0.2488	-0.0249	0.3969	0.1248	0.8369	-1
1788	0.348	-0.4508	0.3785	-0.3719	0.6855	-1
1788	0.3566	0.4501	0.3771	0.4918	0.5956	-1
1788	0.3347	-0.4569	0.3785	-0.3709	0.548	-1
1788	0.3443	-0.1318	0.375	-0.0959	0.5048	7
1788	0.3908	0.4406	0.4665	0.4967	0.5047	-1
1788	0.4083	-0.4002	0.4273	-0.3692	0.4874	-1
1788	0.4024	0.2403	0.4176	0.2787	0.4003	-1
1788	0.1421	0.4018	0.1618	0.435	0.3658	-1
1788	0.4299	-0.5	0.4429	-0.4739	0.3497	-1
1788	0.466	0.0135	0.4999	0.1158	0.3066	-1
1788	0.2775	-0.4642	0.2854	-0.4395	0.2937	-1
1788	0.3022	-0.356	0.3222	-0.3235	0.2717	-1
1789	-0.4987	-0.263	-0.0111	0.4997	0.8737	6
1789	0.2507	-0.0267	0.3964	0.1253	0.8319	-1
1789	0.3361	-0.4581	0.3785	-0.3708	0.7113	-1
1789	0.3481	-0.4505	0.3781	-0.3707	0.5687	-1
1789	0.4085	-0.3987	0.4267	-0.3683	0.5458	-1
1789	0.3562	0.4498	0.3774	0.4897	0.5195	-1
1789	0.3444	-0.1317	0.3748	-0.0958	0.5066	7
1789	0.4018	0.2392	0.4172	0.2778	0.4141	-1
1789	0.4295	-0.5	0.442	-0.4719	0.4117	-1
1789	0.4655	0.014	0.4999	0.1153	0.3694	-1
1789	0.3026	-0.355	0.322	-0.3221	0.3461	-1
1789	0.3904	0.4404	0.4663	0.4965	0.32	-1
1789	0.1418	0.4006	0.162	0.4343	0.2512	-1
1790	-0.4987	-0.2637	-0.0108	0.4997	0.8754	6
1790	0.2507	-0.0268	0.3964	0.1253	0.8311	-1
1790	0.3358	-0.4583	0.3785	-0.3707	0.7106	-1
1790	0.348	-0.4506	0.3781	-0.3706	0.5692	-1
1790	0.4085	-0.3986	0.4267	-0.3683	0.5413	-1
1790	0.3563	0.4498	0.3774	0.4897	0.5206	-1
1790	0.3444	-0.1317	0.3748	-0.0958	0.5048	7
1790	0.4018	0.2392	0.4173	0.2778	0.4153	-1
1790	0.4295	-0.5	0.4418	-0.4721	0.4091	-1
1790	0.4655	0.014	0.4999	0.1153	0.3772	-1
1790	0.3027	-0.3549	0.322	-0.3221	0.3434	-1
1790	0.3905	0.4404	0.4663	0.4965	0.3204	-1
1791	-0.4987	-0.2694	-0.0121	0.4987	0.8675	6
1791	0.251	-0.0263	0.3963	0.1252	0.8313	-1
1791	0.3358	-0.4583	0.3785	-0.3707	0.7106	-1
1791	0.348	-0.4506	0.3781	-0.3706	0.5695	-1
1791	0.4085	-0.3986	0.4267	-0.3682	0.5396	-1
1791	0.3563	0.4498	0.3774	0.4897	0.5185	-1
1791	0.3451	-0.1315	0.3748	-0.0959	0.4752	7
1791	0.4019	0.2394	0.4173	0.2777	0.4071	-1
1791	0.4295	-0.5	0.4419	-0.4721	0.4037	-1
1791	0.4654	0.0139	0.4999	0.1155	0.3748	-1
1791	0.3026	-0.3549	0.322	-0.3221	0.3419	-1
1791	0.3905	0.4404	0.4663	0.4965	0.3117	-1
1792	-0.4987	-0.2622	-0.0109	0.4996	0.8692	6
1792	0.25	-0.0278	0.3963	0.1252	0.8323	-1
1792	0.336	-0.4581	0.3785	-0.3706	0.7117	-1
1792	0.3482	-0.4505	0.3781	-0.3705	0.5776	-1
1792	0.4085	-0.3987	0.4267	-0.3682	0.5388	-1
1792	0.3563	0.4498	0.3774	0.4897	0.5072	-1
1792	0.3473	-0.131	0.3743	-0.0954	0.4349	7
1792	0.4295	-0.5	0.4419	-0.4721	0.4044	-1
1792	0.4019	0.2392	0.4172	0.2778	0.3921	-1
1792	0.4654	0.014	0.4999	0.1154	0.3561	-1
1792	0.3264	-0.4691	0.3795	-0.3691	0.3524	-1
1792	0.3026	-0.3549	0.322	-0.3221	0.3516	-1
1792	0.3904	0.4405	0.4663	0.4965	0.2967	-1
1792	0.2446	-0.2789	0.2576	-0.2328	0.2633	-1
1811	0.1483	-0.3807	0.4997	0.4961	0.4229	-1
1813	0.1497	-0.3815	0.4997	0.4966	0.2528	-1
1814	0.1482	-0.3815	0.4997	0.4967	0.2525	-1
1815	0.146	-0.381	0.4997	0.4967	0.3518	-1
