frame	x1	y1	x2	y2	confidence	cluster	new_cluster
39	0.1287	-0.4098	0.366	0.0023	0.2782	-1	1
40	0.1281	-0.4096	0.3651	0.0056	0.303	-1	1
46	0.1258	-0.3948	0.3614	0.0083	0.317	-1	1
48	0.126	-0.401	0.3501	0.006	0.4046	-1	1
49	0.1262	-0.4011	0.3458	0.0064	0.3129	-1	1
102	-0.0626	-0.1016	-0.0323	-0.0594	0.3135	-1	1
103	-0.0649	-0.0998	-0.0309	-0.0605	0.3582	-1	1
104	-0.0635	-0.0988	-0.0315	-0.0664	0.2597	-1	1
122	-0.064	-0.1057	-0.0295	-0.0616	0.2599	-1	1
125	-0.0655	-0.1023	-0.0324	-0.0657	0.3189	-1	1
126	-0.0656	-0.1016	-0.0346	-0.0653	0.3904	-1	1
127	-0.0654	-0.1016	-0.0351	-0.0645	0.4056	-1	1
128	-0.0658	-0.1023	-0.035	-0.064	0.432	-1	1
129	-0.0658	-0.1018	-0.0355	-0.0646	0.3981	-1	1
130	-0.0663	-0.1025	-0.0358	-0.0633	0.357	-1	1
131	-0.0676	-0.1038	-0.0373	-0.0643	0.3917	-1	1
132	-0.065	-0.1034	-0.0388	-0.0684	0.3425	-1	1
133	-0.0686	-0.104	-0.0386	-0.0668	0.4022	-1	1
136	-0.0693	-0.1004	-0.0391	-0.0672	0.2754	-1	1
137	-0.0705	-0.1015	-0.0396	-0.0663	0.4601	-1	1
138	-0.0702	-0.1002	-0.04	-0.0671	0.3128	-1	1
139	-0.0724	-0.0993	-0.0395	-0.0632	0.2865	-1	1
140	-0.0725	-0.0993	-0.0397	-0.0655	0.2533	-1	1
143	-0.0716	-0.0966	-0.0379	-0.0685	0.2999	-1	1
144	-0.0677	-0.0972	-0.0364	-0.0677	0.4143	-1	1
181	-0.1247	-0.1791	-0.0557	-0.0954	0.2724	-1	1
182	0.131	-0.3933	0.3409	0.0011	0.3082	-1	1
187	-0.0754	-0.0514	-0.0386	-0.0052	0.4416	-1	1
187	-0.1368	-0.139	-0.0728	0.0002	0.3066	-1	1
188	-0.0761	-0.0503	-0.0376	0.0017	0.5563	-1	1
188	-0.1376	-0.1359	-0.0749	0.0021	0.3874	-1	1
189	-0.0767	-0.0486	-0.0217	0.0065	0.5727	-1	1
189	-0.1396	-0.1365	-0.076	0.0017	0.433	-1	1
190	-0.077	-0.0466	-0.0214	0.0064	0.5113	-1	1
191	-0.0772	-0.0451	-0.022	0.0066	0.4229	-1	1
194	-0.0778	-0.0408	-0.0504	-0.0003	0.2518	-1	1
196	-0.0767	-0.0399	-0.0506	0.0014	0.2607	-1	1
220	-0.1714	-0.2591	0.2735	0.4525	0.3687	-1	1
221	-0.1734	-0.2374	0.2688	0.3204	0.6047	-1	1
222	-0.1643	-0.2365	0.2684	0.3227	0.8169	-1	1
223	-0.1581	-0.2322	0.2725	0.3184	0.8769	-1	1
224	-0.1533	-0.2191	0.2711	0.3169	0.8969	-1	1
225	-0.1521	-0.2193	0.2738	0.3115	0.8293	-1	1
226	0.127	-0.1659	0.2681	0.1543	0.4903	-1	1
226	-0.1511	-0.2153	0.1368	0.3094	0.4691	-1	1
226	-0.157	-0.2188	0.2582	0.311	0.2699	-1	1
227	-0.1482	-0.2144	0.1377	0.3067	0.5736	-1	1
227	-0.1505	-0.2169	0.2564	0.3082	0.2733	-1	1
228	-0.1443	-0.2196	0.1329	0.308	0.5769	-1	1
228	-0.1443	-0.2171	0.2742	0.3091	0.3323	-1	1
228	-0.1081	-0.4089	0.2698	-0.1508	0.2539	-1	1
229	-0.1445	-0.2098	0.2689	0.3093	0.721	-1	1
229	-0.1075	-0.4071	0.2685	-0.1451	0.4017	-1	1
229	-0.1475	-0.2095	0.1316	0.308	0.3713	-1	1
230	-0.1495	-0.205	0.2654	0.3106	0.835	-1	1
230	-0.1151	-0.4139	0.268	-0.1496	0.3239	-1	1
231	-0.1442	-0.1925	0.2691	0.3105	0.7702	-1	1
231	-0.1071	-0.4092	0.2691	-0.1487	0.5052	-1	1
232	-0.1486	-0.1887	0.2664	0.3077	0.7719	-1	1
232	-0.11	-0.4177	0.2756	-0.1537	0.5212	-1	1
233	-0.1535	-0.1871	0.2661	0.3115	0.6481	-1	1
233	-0.1169	-0.4596	0.2733	-0.1544	0.3292	-1	1
234	-0.1547	-0.3261	0.2626	0.3166	0.7244	-1	1
234	-0.2356	0.0141	-0.1199	0.2179	0.3315	-1	1
234	-0.1182	-0.4729	0.2666	-0.1486	0.3006	-1	1
235	-0.1514	-0.1763	0.2669	0.3283	0.6323	-1	1
235	-0.0694	-0.4137	0.2627	-0.1462	0.3242	-1	1
236	-0.1472	-0.1764	0.2696	0.3419	0.6235	-1	1
236	-0.0822	-0.4569	0.2702	-0.1498	0.4763	-1	1
236	0.1456	-0.1627	0.2651	0.0743	0.3317	-1	1
237	-0.15	-0.186	0.2695	0.3307	0.7508	-1	1
237	-0.0928	-0.4636	0.2706	-0.1553	0.5614	-1	1
238	-0.151	-0.1823	0.2674	0.3266	0.6652	-1	1
238	-0.1214	-0.4564	0.2674	-0.1569	0.475	-1	1
239	-0.1519	-0.4793	0.2686	0.3875	0.7491	-1	1
239	-0.1509	-0.1905	0.2609	0.4061	0.4458	-1	1
239	0.1484	-0.1585	0.2627	0.0411	0.4085	-1	1
239	0.2905	0.1344	0.3801	0.4994	0.3692	-1	1
239	-0.0781	-0.4347	0.2643	-0.1457	0.2875	-1	1
240	-0.149	-0.4396	0.2702	0.3665	0.7067	-1	1
240	0.1579	-0.1535	0.263	0.0198	0.4916	-1	1
240	-0.0599	-0.405	0.2664	-0.1417	0.3553	-1	1
241	-0.1477	-0.4704	0.2643	0.4175	0.8136	-1	1
241	-0.1443	-0.2151	0.2602	0.4129	0.7502	-1	1
241	-0.0543	-0.4428	0.2663	-0.1369	0.3815	-1	1
241	0.1676	-0.1541	0.2655	0.0072	0.3111	-1	1
242	-0.1471	-0.4869	0.2679	0.4123	0.783	-1	1
242	-0.1449	-0.2169	0.2616	0.4096	0.5074	-1	1
242	0.1655	-0.1575	0.2661	-0.0065	0.4074	-1	1
242	-0.0667	-0.4472	0.2665	-0.1373	0.404	-1	1
243	0.1713	-0.1585	0.2657	-0.0167	0.6767	-1	1
243	-0.0499	-0.4291	0.2729	-0.1417	0.5056	-1	1
243	-0.1465	-0.2091	0.2689	0.4082	0.3784	-1	1
243	-0.1036	-0.0455	-0.0738	0.0178	0.2549	-1	1
244	-0.1476	-0.475	0.2713	0.4035	0.7421	-1	1
244	0.1777	-0.1557	0.2652	-0.0242	0.6684	-1	1
244	-0.0457	-0.425	0.2646	-0.1332	0.3723	-1	1
245	-0.1456	-0.4956	0.2662	0.3983	0.8777	-1	1
245	0.1834	-0.1562	0.2671	-0.0315	0.5437	-1	1
246	-0.1463	-0.4819	0.2645	0.3938	0.8311	-1	1
247	-0.1507	-0.4967	0.2616	0.3955	0.8822	-1	1
247	-0.1617	-0.1658	-0.1024	-0.0549	0.3473	-1	1
248	-0.1509	-0.4963	0.2624	0.3932	0.8755	-1	1
249	-0.1502	-0.4719	0.2643	0.3906	0.8738	-1	1
249	-0.1626	-0.1666	-0.1143	-0.0568	0.2736	-1	1
250	-0.1709	-0.4899	0.2633	0.3847	0.8584	-1	1
251	-0.1732	-0.4994	0.258	0.3825	0.8954	-1	1
252	-0.1863	-0.4965	0.2568	0.3833	0.8511	-1	1
253	-0.1878	-0.4947	0.2568	0.3847	0.7905	-1	1
253	-0.1719	-0.1954	-0.132	-0.096	0.5474	-1	1
253	-0.1787	-0.2416	0.2543	0.3829	0.5006	-1	1
254	-0.1788	-0.4858	0.2576	0.3828	0.7895	-1	1
254	-0.1673	-0.2005	-0.1328	-0.1098	0.5387	-1	1
255	-0.1852	-0.4953	0.2536	0.3782	0.7942	-1	1
256	-0.19	-0.49	0.2518	0.379	0.8772	-1	1
257	-0.1913	-0.491	0.2514	0.3753	0.8841	-1	1
258	-0.1896	-0.4899	0.2535	0.3738	0.8884	-1	1
259	-0.187	-0.4916	0.2531	0.3738	0.89	-1	1
260	-0.1837	-0.4785	0.2517	0.3725	0.7977	-1	1
261	-0.1868	-0.4901	0.2504	0.368	0.7073	-1	1
262	-0.1693	-0.4612	0.2485	0.3664	0.7683	-1	1
262	0.1768	-0.2257	0.2515	-0.1195	0.3287	-1	1
263	-0.1796	-0.4798	0.2502	0.3666	0.7845	-1	1
263	0.1786	-0.2227	0.2526	-0.1205	0.3168	-1	1
264	-0.181	-0.4473	0.2484	0.2879	0.7262	-1	1
265	-0.1856	-0.4971	0.249	0.1803	0.8356	-1	1
266	-0.1835	-0.493	0.253	0.369	0.8521	-1	1
267	-0.1804	-0.4969	0.2535	0.3686	0.9013	-1	1
268	-0.1833	-0.4798	0.2532	0.3616	0.831	-1	1
268	0.1627	-0.2989	0.2589	-0.1695	0.3608	-1	1
269	-0.1785	-0.4232	0.2496	0.3596	0.831	-1	1
269	0.1629	-0.3184	0.2601	-0.1965	0.2899	-1	1
270	-0.1761	-0.2952	0.2492	0.3583	0.8809	-1	1
271	-0.176	-0.3012	0.2515	0.3594	0.9027	-1	1
271	0.1523	-0.3496	0.2709	-0.2273	0.4297	-1	1
272	-0.1827	-0.3065	0.2505	0.3553	0.8943	-1	1
273	-0.1797	-0.3122	0.2446	0.3561	0.886	-1	1
273	-0.1875	-0.2559	-0.1505	-0.1886	0.3007	-1	1
274	-0.1908	-0.3125	0.2411	0.3561	0.9005	-1	1
274	-0.1912	-0.2525	-0.1547	-0.173	0.3234	-1	1
275	-0.1909	-0.3109	0.2488	0.3519	0.8773	-1	1
275	-0.1898	-0.2487	-0.1549	-0.1695	0.2665	-1	1
276	-0.1884	-0.3156	0.2471	0.3611	0.8777	-1	1
277	-0.1929	-0.2954	0.2462	0.3607	0.8272	-1	1
278	-0.1856	-0.2862	0.2517	0.3612	0.6569	-1	1
278	-0.1848	-0.2847	0.2014	0.1305	0.4938	-1	1
279	-0.1925	-0.2838	0.255	0.368	0.776	-1	1
279	-0.195	-0.2813	0.2096	0.1329	0.4046	-1	1
279	0.0385	-0.2028	0.2538	0.3697	0.375	-1	1
280	-0.1931	-0.2847	0.2543	0.3733	0.8353	-1	1
281	-0.1937	-0.2895	0.2532	0.3746	0.801	-1	1
281	0.0373	-0.196	0.2521	0.3749	0.3273	-1	1
282	-0.1926	-0.2791	0.2538	0.3828	0.7733	-1	1
282	0.0404	-0.1876	0.2523	0.3833	0.2741	-1	1
283	-0.1857	-0.268	0.2558	0.3882	0.7962	-1	1
283	-0.1904	-0.2715	0.2124	0.1571	0.3067	-1	1
284	-0.182	-0.2725	0.2585	0.3896	0.8434	-1	1
285	-0.1765	-0.262	0.2603	0.391	0.8369	-1	1
286	-0.1984	-0.4441	0.2656	0.392	0.8128	-1	1
287	-0.1905	-0.4329	0.267	0.3922	0.821	-1	1
288	-0.1764	-0.4009	0.2677	0.3943	0.8206	-1	1
289	-0.1765	-0.4373	0.2667	0.3907	0.8075	-1	1
290	-0.1827	-0.3987	0.2574	0.3879	0.8164	-1	1
291	-0.1822	-0.4268	0.2563	0.389	0.8839	-1	1
292	-0.1763	-0.3653	0.2601	0.388	0.8566	-1	1
293	-0.168	-0.3364	0.2615	0.3902	0.8897	-1	1
294	-0.1836	-0.3516	0.2615	0.3891	0.8604	-1	1
295	-0.1802	-0.3	0.256	0.3894	0.8658	-1	1
296	-0.1881	-0.2938	0.2561	0.392	0.8622	-1	1
297	-0.1514	-0.2866	0.262	0.3945	0.9057	-1	1
298	-0.1542	-0.3148	0.2615	0.3948	0.8699	-1	1
299	-0.1605	-0.4472	0.2585	0.3973	0.856	-1	1
300	-0.1597	-0.4416	0.2593	0.3993	0.8376	-1	1
301	-0.184	-0.4563	0.2603	0.3988	0.8603	-1	1
302	-0.2033	-0.4204	0.2593	0.4047	0.8864	-1	1
303	-0.1949	-0.3888	0.2598	0.4026	0.9011	-1	1
304	-0.1615	-0.4181	0.2662	0.4045	0.8962	-1	1
305	-0.1604	-0.4293	0.2899	0.4076	0.9255	-1	1
306	-0.164	-0.4522	0.2837	0.4116	0.9245	-1	1
307	-0.1725	-0.4691	0.2753	0.4097	0.9067	-1	1
308	-0.1759	-0.463	0.2769	0.406	0.7857	-1	1
309	-0.1783	-0.4255	0.2715	0.3992	0.9	-1	1
309	-0.2096	-0.1416	-0.1226	0.1637	0.3115	-1	1
310	-0.1664	-0.4291	0.2555	0.3969	0.8539	-1	1
310	-0.2108	-0.1525	-0.1136	0.1466	0.314	-1	1
311	-0.1607	-0.4645	0.2746	0.3988	0.8707	-1	1
312	-0.1609	-0.4368	0.2733	0.3982	0.7857	-1	1
312	-0.2072	-0.1536	-0.1098	0.1533	0.4062	-1	1
313	-0.1576	-0.2708	0.2473	0.3993	0.7783	-1	1
313	-0.2071	-0.1552	-0.1068	0.1563	0.4601	-1	1
314	-0.1585	-0.2717	0.2496	0.4009	0.837	-1	1
314	-0.2072	-0.1548	-0.1059	0.1595	0.431	-1	1
314	0.0729	-0.3387	0.2573	-0.1019	0.27	-1	1
315	-0.1586	-0.2826	0.244	0.4021	0.7314	-1	1
315	0.0403	-0.3396	0.2514	-0.1017	0.5546	-1	1
315	-0.2076	-0.1595	-0.103	0.171	0.3947	-1	1
316	-0.1585	-0.3085	0.2512	0.403	0.6714	-1	1
316	-0.2071	-0.1568	-0.1029	0.1731	0.423	-1	1
317	-0.1564	-0.2995	0.2583	0.4078	0.7344	-1	1
317	-0.207	-0.1554	-0.1036	0.1711	0.424	-1	1
318	-0.1576	-0.3019	0.2521	0.4139	0.6909	-1	1
318	0.0315	-0.0356	0.2446	0.4067	0.4976	-1	1
318	-0.2081	-0.1572	-0.1053	0.1748	0.3822	-1	1
319	0.1015	-0.2981	0.2597	-0.0632	0.5531	-1	1
319	-0.1601	-0.2937	0.2516	0.4061	0.5291	-1	1
319	0.0262	-0.0345	0.2428	0.4073	0.3659	-1	1
319	-0.2099	-0.1553	-0.1094	0.1713	0.2897	-1	1
319	-0.158	-0.2656	0.1175	0.2117	0.2839	-1	1
320	-0.1602	-0.3278	0.2536	0.4061	0.7843	-1	1
321	-0.1596	-0.3099	0.2489	0.4053	0.8657	-1	1
322	-0.16	-0.3187	0.2648	0.4115	0.6463	-1	1
322	-0.0054	-0.0535	0.2427	0.4085	0.605	-1	1
322	-0.2093	-0.1552	-0.1084	0.1747	0.4234	-1	1
322	0.0737	-0.2909	0.2515	-0.0848	0.3858	-1	1
322	-0.047	-0.4464	0.1267	-0.2197	0.3732	-1	1
322	-0.1579	-0.2605	0.1102	0.2175	0.329	-1	1
323	-0.1594	-0.3183	0.2596	0.4143	0.7427	-1	1
323	-0.004	-0.0499	0.2443	0.4111	0.6298	-1	1
323	-0.2079	-0.1523	-0.1041	0.1737	0.4197	-1	1
323	0.0832	-0.2987	0.2532	-0.0815	0.3274	-1	1
324	-0.1596	-0.3149	0.257	0.4055	0.8915	-1	1
324	-0.2072	-0.1521	-0.1042	0.1736	0.4123	-1	1
324	0.079	-0.2981	0.2535	-0.0984	0.2943	-1	1
325	-0.1607	-0.277	0.249	0.4048	0.727	-1	1
325	0.1027	-0.2975	0.257	-0.1054	0.7018	-1	1
325	-0.2071	-0.1496	-0.1029	0.1737	0.4239	-1	1
325	-0.046	-0.467	0.1482	-0.1813	0.3955	-1	1
325	-0.1563	-0.2476	0.0068	0.2146	0.3795	-1	1
326	0.1029	-0.2915	0.2624	-0.1198	0.6801	-1	1
326	-0.1575	-0.2419	0.0181	0.216	0.5651	-1	1
326	-0.1603	-0.2533	0.2468	0.4054	0.5146	-1	1
326	-0.2069	-0.1494	-0.1032	0.1724	0.3692	-1	1
327	-0.1589	-0.2538	0.2468	0.4059	0.7197	-1	1
327	0.1039	-0.292	0.2616	-0.1307	0.6078	-1	1
327	-0.1564	-0.2436	0.0285	0.2134	0.3654	-1	1
327	-0.2055	-0.1486	-0.1018	0.1697	0.2852	-1	1
328	-0.1562	-0.2558	0.2477	0.4063	0.7611	-1	1
328	0.0965	-0.2981	0.2654	-0.1401	0.5416	-1	1
329	-0.1575	-0.253	0.2466	0.4062	0.729	-1	1
329	0.0936	-0.2968	0.2664	-0.1518	0.5612	-1	1
330	-0.1591	-0.2509	0.2478	0.4055	0.6835	-1	1
330	-0.158	-0.2404	0.0321	0.2107	0.4576	-1	1
330	0.1058	-0.2969	0.262	-0.1587	0.4329	-1	1
331	-0.1666	-0.2533	0.25	0.4043	0.8779	-1	1
331	0.1053	-0.3063	0.262	-0.1672	0.4764	-1	1
332	-0.1661	-0.2408	0.2482	0.4021	0.8447	-1	1
333	-0.1665	-0.2331	0.2529	0.4018	0.7166	-1	1
333	-0.1688	-0.466	0.2684	0.4047	0.3084	-1	1
334	-0.1652	-0.2399	0.254	0.4029	0.7116	-1	1
335	-0.1731	-0.3847	0.2568	0.4013	0.6849	-1	1
336	-0.1742	-0.444	0.2583	0.4005	0.7093	-1	1
337	-0.1687	-0.3943	0.2627	0.4013	0.6266	-1	1
338	-0.1723	-0.4357	0.2666	0.3994	0.6495	-1	1
339	-0.1737	-0.2655	0.2625	0.4015	0.6579	-1	1
340	-0.1706	-0.4413	0.2751	0.4038	0.835	-1	1
341	-0.1682	-0.4755	0.279	0.4036	0.7652	-1	1
341	-0.1968	-0.0711	-0.0841	0.1893	0.2919	-1	1
342	-0.1384	-0.2907	0.2784	0.4062	0.6692	-1	1
343	-0.1428	-0.2685	0.2816	0.4122	0.6705	-1	1
344	-0.1729	-0.2964	0.2802	0.4109	0.6707	-1	1
345	-0.1863	-0.2217	0.2712	0.4091	0.6348	-1	1
346	-0.1829	-0.2134	0.2742	0.4147	0.6468	-1	1
347	-0.1836	-0.2101	0.2758	0.4134	0.6909	-1	1
347	-0.0371	-0.4096	0.1905	-0.1561	0.2831	-1	1
348	-0.1825	-0.208	0.2763	0.4147	0.6311	-1	1
349	-0.1911	-0.1922	0.2703	0.4144	0.8472	-1	1
349	-0.0285	-0.4223	0.1906	-0.1511	0.3727	-1	1
350	-0.1916	-0.1819	0.275	0.4186	0.6813	-1	1
351	-0.1839	-0.388	0.2868	0.4266	0.7068	-1	1
352	-0.1821	-0.2645	0.2837	0.4285	0.7157	-1	1
353	-0.1811	-0.1744	0.2818	0.4232	0.8486	-1	1
353	-0.0241	-0.4149	0.2068	-0.1449	0.6685	-1	1
354	-0.1798	-0.1663	0.2817	0.4293	0.889	-1	1
354	-0.0274	-0.4202	0.2142	-0.1339	0.7996	-1	1
354	0.1412	-0.2396	0.3259	-0.0774	0.2627	-1	1
355	-0.1786	-0.163	0.2855	0.4262	0.8668	-1	1
355	-0.0249	-0.441	0.2171	-0.135	0.5901	-1	1
355	0.1458	-0.2314	0.3307	-0.0783	0.3108	-1	1
356	-0.1748	-0.158	0.2915	0.43	0.8251	-1	1
356	-0.0235	-0.4062	0.2116	-0.1347	0.4757	-1	1
357	-0.1767	-0.1419	0.2909	0.4328	0.8033	-1	1
357	-0.0281	-0.3951	0.2172	-0.1224	0.5744	-1	1
357	0.164	-0.2202	0.2908	-0.0707	0.5385	-1	1
358	-0.1857	-0.1135	0.2863	0.4303	0.7211	-1	1
358	-0.0404	-0.4041	0.2085	-0.1101	0.4132	-1	1
358	0.1603	-0.2228	0.3165	-0.0715	0.2603	-1	1
359	-0.1811	-0.1291	0.2889	0.4337	0.525	-1	1
359	0.1603	-0.2133	0.2826	-0.0682	0.2972	-1	1
360	-0.1444	-0.1056	0.2883	0.4356	0.4675	-1	1
360	-0.0998	-0.1462	0.0146	-0.029	0.2621	-1	1
361	-0.1054	-0.1122	0.2877	0.4375	0.6598	-1	1
362	-0.0952	-0.0791	0.2868	0.4474	0.8128	-1	1
362	0.1551	-0.1861	0.2904	-0.0468	0.4291	-1	1
363	-0.1266	-0.0685	0.2854	0.4602	0.5774	-1	1
364	-0.1861	-0.0961	0.2932	0.4736	0.5148	-1	1
365	-0.1893	-0.4662	0.332	0.4889	0.3922	-1	1
365	-0.1883	-0.1007	0.2871	0.4869	0.3557	-1	1
366	-0.1985	-0.078	0.2819	0.4919	0.6117	-1	1
367	-0.2003	-0.0504	0.2781	0.4975	0.5267	-1	1
367	-0.2014	-0.4398	0.3049	0.5	0.3126	-1	1
368	-0.2	-0.4286	0.2971	0.5	0.5775	-1	1
368	-0.1987	-0.0582	0.2743	0.4961	0.2796	-1	1
369	-0.1966	-0.4286	0.3214	0.4986	0.7149	-1	1
370	-0.2017	-0.4549	0.3091	0.4992	0.7791	-1	1
370	-0.2019	0.0251	-0.0472	0.3063	0.2748	-1	1
371	-0.2103	-0.4708	0.3071	0.4985	0.7601	-1	1
371	-0.2089	0.047	-0.057	0.3125	0.4583	-1	1
372	-0.1881	-0.405	0.2747	0.4999	0.7835	-1	1
372	-0.2153	0.0815	-0.0687	0.3249	0.6562	-1	1
373	-0.2271	0.1045	-0.0787	0.3299	0.726	-1	1
373	-0.1947	-0.4993	0.3081	0.4985	0.6396	-1	1
374	-0.1634	-0.5	0.2762	0.4968	0.6133	-1	1
374	-0.2372	0.1262	-0.0906	0.3385	0.5365	-1	1
375	-0.1447	-0.0349	-0.0531	0.0906	0.6265	-1	1
375	-0.1574	-0.4839	0.2708	0.5	0.5226	-1	1
375	-0.238	0.1277	-0.0963	0.345	0.4508	-1	1
376	-0.1441	-0.0366	-0.053	0.0854	0.612	-1	1
376	-0.2431	0.1168	-0.0903	0.3463	0.5304	-1	1
376	-0.1734	-0.5	0.2702	0.5	0.2872	-1	1
377	-0.2466	0.0976	-0.1058	0.3537	0.6053	-1	1
377	-0.1686	-0.5	0.2561	0.5	0.4328	-1	1
378	-0.2518	0.0835	-0.1085	0.3519	0.6306	-1	1
378	-0.1869	-0.5	0.2573	0.5	0.3782	-1	1
379	-0.2377	-0.4665	0.2527	0.5	0.3808	-1	1
379	-0.2543	0.0812	-0.0973	0.3396	0.3724	-1	1
380	-0.2605	0.082	-0.1104	0.3406	0.7132	-1	1
380	-0.2145	-0.4589	0.2643	0.5	0.5367	-1	1
381	-0.2643	0.1173	-0.1209	0.3421	0.746	-1	1
381	-0.2628	-0.4485	0.2487	0.4966	0.4628	-1	1
382	-0.2728	0.1282	-0.128	0.3462	0.5406	-1	1
382	-0.2073	-0.4425	0.2433	0.4613	0.5014	-1	1
382	-0.1608	0.1957	-0.0035	0.3667	0.453	-1	1
383	-0.2714	0.1254	-0.1303	0.3377	0.6004	-1	1
383	-0.2572	-0.4765	0.25	0.4993	0.5728	-1	1
384	-0.1826	-0.4875	0.2506	0.4989	0.6104	-1	1
384	-0.2717	0.1157	-0.1221	0.3374	0.5699	-1	1
385	-0.2683	0.0916	-0.1225	0.3359	0.7786	-1	1
385	-0.184	-0.4988	0.2493	0.4968	0.3021	-1	1
386	-0.2801	-0.4786	0.2632	0.477	0.6764	-1	1
387	-0.2683	-0.4573	0.2295	0.3932	0.6716	-1	1
388	-0.2673	-0.4565	0.2461	0.4615	0.6525	-1	1
389	-0.2589	-0.4592	0.2861	0.4463	0.4181	-1	1
390	-0.2574	-0.0447	0.2105	0.4976	0.5741	-1	1
391	-0.2571	-0.4293	0.3555	0.4711	0.2612	-1	1
397	-0.254	-0.0234	0.1943	0.5	0.6984	-1	1
398	-0.2564	-0.0151	0.1923	0.4998	0.6207	-1	1
399	-0.2618	-0.0191	0.1905	0.4985	0.5498	-1	1
400	-0.2739	-0.4713	0.2621	0.4997	0.7125	-1	1
400	0.0525	-0.0743	0.2457	0.066	0.2503	-1	1
401	-0.2703	-0.4523	0.2294	0.4995	0.829	-1	1
401	0.0399	-0.0809	0.2203	0.0601	0.382	-1	1
402	-0.2717	-0.4229	0.2117	0.5	0.7505	-1	1
402	0.0445	-0.0878	0.2218	0.0598	0.5332	-1	1
403	-0.2766	-0.4228	0.208	0.5	0.8049	-1	1
403	0.0432	-0.0857	0.2209	0.0586	0.4849	-1	1
404	-0.2775	-0.4265	0.2221	0.4998	0.7514	-1	1
404	0.0442	-0.0881	0.2217	0.0557	0.329	-1	1
405	-0.2783	-0.4191	0.2232	0.4992	0.821	-1	1
405	0.044	-0.1005	0.2143	0.0537	0.4084	-1	1
406	-0.2395	-0.4104	0.2244	0.4981	0.7213	-1	1
406	0.0364	-0.1054	0.2077	0.0513	0.3687	-1	1
407	0.027	-0.1047	0.1993	0.0511	0.5752	-1	1
407	-0.2531	-0.0627	0.1892	0.499	0.5414	-1	1
407	-0.2603	-0.3951	0.2116	0.5	0.3529	-1	1
407	-0.1144	-0.4014	0.2015	-0.0286	0.2536	-1	1
408	-0.275	-0.4344	0.2309	0.4992	0.6833	-1	1
408	0.0322	-0.1016	0.2007	0.0506	0.3166	-1	1
409	-0.2768	-0.4552	0.2601	0.5	0.6684	-1	1
410	-0.2802	-0.4531	0.2376	0.4988	0.6882	-1	1
410	0.0487	-0.0939	0.2115	0.0611	0.3039	-1	1
411	-0.2639	-0.4587	0.2234	0.4969	0.7573	-1	1
411	0.0439	-0.0986	0.195	0.0532	0.6297	-1	1
411	0.0816	-0.0979	0.1871	0.0366	0.254	-1	1
412	-0.2663	-0.4895	0.2358	0.4964	0.7151	-1	1
412	-0.0412	0.0138	0.1854	0.4961	0.369	-1	1
412	0.0488	-0.1206	0.1919	0.0237	0.3249	-1	1
412	0.1034	-0.1155	0.1845	-0.0196	0.2834	-1	1
413	-0.249	-0.4477	0.1987	0.4961	0.7756	-1	1
413	0.0228	-0.1334	0.1974	0.0302	0.4459	-1	1
414	-0.2658	-0.4192	0.1994	0.499	0.837	-1	1
414	0.092	-0.1426	0.1835	-0.0332	0.3763	-1	1
414	0.0164	-0.1438	0.1942	0.0038	0.3057	-1	1
415	-0.2779	-0.4148	0.1835	0.4958	0.914	-1	1
415	0.0827	-0.1478	0.1776	-0.0489	0.5664	-1	1
416	-0.2871	-0.4262	0.1846	0.4947	0.9015	-1	1
416	0.0781	-0.1573	0.1743	-0.0544	0.2779	-1	1
417	-0.2776	-0.4091	0.1847	0.4952	0.9054	-1	1
417	0.0649	-0.1702	0.1808	-0.0545	0.4357	-1	1
418	-0.2665	-0.418	0.2072	0.4946	0.8482	-1	1
418	0.0633	-0.1782	0.1964	-0.0547	0.2612	-1	1
419	-0.2575	-0.4285	0.2511	0.4949	0.8272	-1	1
419	0.0707	-0.186	0.1983	-0.0398	0.2961	-1	1
420	-0.2681	-0.4242	0.2654	0.4916	0.8847	-1	1
421	-0.1994	-0.4212	0.2343	0.4894	0.8228	-1	1
422	-0.3051	-0.4921	0.2393	0.4945	0.9005	-1	1
423	-0.3025	-0.4974	0.2449	0.4163	0.9021	-1	1
424	-0.2944	-0.4975	0.2435	0.3764	0.8826	0	2
425	-0.2923	-0.4988	0.2489	0.318	0.8682	0	2
426	-0.2905	-0.4998	0.2482	0.3399	0.8727	0	2
427	-0.2887	-0.4985	0.2533	0.3563	0.8836	0	2
428	-0.2887	-0.499	0.2487	0.3618	0.8733	0	2
429	-0.2921	-0.4984	0.2465	0.3585	0.8558	0	2
430	-0.2944	-0.4974	0.2481	0.3639	0.8958	0	2
431	-0.2938	-0.4941	0.2487	0.3608	0.8901	0	2
432	-0.2916	-0.4946	0.2558	0.3612	0.8741	0	2
433	-0.2909	-0.4966	0.253	0.365	0.8855	0	2
434	-0.2913	-0.4969	0.2542	0.3652	0.8774	0	2
435	-0.2934	-0.496	0.2614	0.3656	0.8672	0	2
436	-0.2945	-0.4932	0.2583	0.3665	0.8699	0	2
437	-0.2946	-0.4975	0.2536	0.3704	0.8762	0	2
438	-0.2881	-0.4954	0.2503	0.371	0.8874	0	2
439	-0.2833	-0.4918	0.2559	0.3765	0.9045	-1	3
440	-0.2827	-0.4938	0.2587	0.3768	0.9077	-1	3
441	-0.2826	-0.4937	0.2563	0.377	0.9089	-1	3
442	-0.279	-0.4931	0.2608	0.3791	0.9034	-1	3
443	-0.2765	-0.4939	0.2592	0.3823	0.9014	-1	3
444	-0.2756	-0.4755	0.265	0.3913	0.9015	-1	3
445	-0.2738	-0.4405	0.2705	0.39	0.887	-1	3
446	-0.2696	-0.4067	0.2647	0.3912	0.9047	-1	3
447	-0.2641	-0.4363	0.2768	0.3964	0.8994	-1	3
448	-0.2617	-0.4427	0.3042	0.398	0.8713	-1	3
449	-0.2618	-0.4352	0.3037	0.398	0.8746	-1	3
450	-0.2623	-0.4964	0.3351	0.4025	0.8866	-1	3
451	-0.2597	-0.4971	0.299	0.4012	0.9195	-1	3
452	-0.2537	-0.4966	0.3097	0.4053	0.9146	-1	3
453	-0.244	-0.4957	0.3305	0.4092	0.8995	-1	3
454	-0.2425	-0.4952	0.3223	0.4121	0.9011	-1	3
455	-0.242	-0.4935	0.3226	0.4122	0.9093	-1	3
456	-0.2421	-0.4938	0.3248	0.4104	0.9154	-1	3
457	-0.251	-0.4758	0.323	0.4068	0.9016	-1	3
458	-0.2512	-0.4857	0.3193	0.406	0.9048	-1	3
459	-0.2559	-0.4866	0.3164	0.406	0.8974	-1	3
460	-0.2582	-0.4734	0.3285	0.4055	0.8894	-1	3
461	-0.2652	-0.4348	0.2975	0.4047	0.8915	-1	3
462	-0.2672	-0.4575	0.2799	0.4067	0.904	-1	3
463	-0.2683	-0.482	0.2842	0.4056	0.9052	-1	3
464	-0.2748	-0.4531	0.2986	0.3996	0.9112	-1	3
465	-0.2726	-0.4858	0.2949	0.4005	0.9015	-1	3
466	-0.2733	-0.4982	0.2703	0.3987	0.9195	-1	3
467	-0.2711	-0.4988	0.3012	0.4007	0.9217	-1	3
468	-0.2693	-0.4995	0.3245	0.4016	0.9201	-1	3
469	-0.2674	-0.499	0.2967	0.3984	0.9224	-1	3
470	-0.2679	-0.4946	0.3104	0.3902	0.9104	-1	3
471	-0.2666	-0.4963	0.2996	0.3911	0.9096	-1	3
472	-0.2652	-0.4734	0.2981	0.3885	0.9047	-1	3
473	-0.2616	-0.4863	0.2929	0.3898	0.8959	-1	3
474	-0.2626	-0.4918	0.2885	0.3878	0.8956	-1	3
475	-0.2658	-0.4974	0.2838	0.3919	0.8873	-1	3
476	-0.2513	-0.4978	0.2922	0.3941	0.9039	-1	3
477	-0.2521	-0.4983	0.2885	0.3949	0.8883	-1	3
478	-0.119	-0.4259	0.2844	0.3946	0.553	-1	3
479	-0.2011	-0.5	0.3042	0.3941	0.6863	-1	3
480	-0.2571	-0.4929	0.2934	0.3883	0.8756	-1	3
481	-0.2676	-0.4959	0.3179	0.3946	0.8745	-1	3
482	-0.2758	-0.4974	0.3086	0.3808	0.8799	-1	3
483	-0.2807	-0.4984	0.2713	0.379	0.8726	-1	3
484	-0.2852	-0.5	0.2672	0.3717	0.6862	0	4
485	-0.285	-0.446	0.2354	0.3699	0.6534	-1	5
485	0.0993	-0.3385	0.2428	0.1422	0.545	-1	5
486	-0.281	-0.4359	0.2328	0.3731	0.6972	-1	5
486	0.1043	-0.3477	0.2456	0.1392	0.642	-1	5
487	0.111	-0.3512	0.2478	0.1364	0.7358	-1	5
487	-0.2816	-0.3929	0.2476	0.3735	0.6903	-1	5
488	-0.2896	-0.4921	0.2842	0.3754	0.8105	0	6
488	0.1125	-0.3389	0.2408	0.133	0.3612	-1	7
489	-0.2905	-0.493	0.2736	0.3746	0.8172	0	8
489	0.1106	-0.3426	0.24	0.134	0.5391	-1	9
490	-0.2909	-0.4885	0.2843	0.3745	0.7027	-1	9
490	0.1079	-0.3238	0.2376	0.1374	0.5503	-1	9
491	-0.2912	-0.4924	0.3062	0.3734	0.5803	0	10
491	0.102	-0.3257	0.2376	0.1407	0.3613	-1	11
492	-0.289	-0.4987	0.3401	0.3708	0.6798	0	12
492	0.0999	-0.3288	0.2387	0.1483	0.2835	-1	13
493	-0.2894	-0.5	0.3443	0.3731	0.4977	0	14
493	0.0966	-0.3374	0.2413	0.1541	0.2617	-1	15
494	-0.2911	-0.5	0.338	0.3708	0.8065	0	16
495	-0.2933	-0.4969	0.3277	0.3665	0.7963	0	16
496	-0.2942	-0.494	0.3224	0.368	0.8094	0	16
497	-0.2937	-0.4964	0.3151	0.3685	0.8687	0	16
498	-0.2911	-0.5	0.3332	0.371	0.8592	0	16
499	-0.287	-0.499	0.3243	0.3689	0.7447	0	16
500	-0.2836	-0.5	0.2989	0.3636	0.5297	-1	17
501	-0.2776	-0.5	0.3383	0.3703	0.713	-1	17
502	-0.2802	-0.4983	0.3342	0.371	0.8121	-1	17
503	-0.2785	-0.4998	0.338	0.3728	0.7536	-1	17
504	-0.2766	-0.4998	0.3362	0.3749	0.8227	-1	17
505	-0.2764	-0.4982	0.3429	0.3768	0.8186	-1	17
506	-0.2753	-0.4966	0.3374	0.3751	0.8652	-1	17
507	-0.2751	-0.4987	0.3398	0.3757	0.8565	-1	17
508	-0.2768	-0.4992	0.3353	0.375	0.8559	-1	17
509	-0.277	-0.4991	0.3204	0.3718	0.7471	-1	17
510	-0.2829	-0.4993	0.3108	0.373	0.8346	-1	17
511	-0.2862	-0.4983	0.3167	0.3715	0.6929	0	18
512	-0.286	-0.5	0.3174	0.3739	0.7893	0	18
513	-0.2881	-0.5	0.3043	0.3686	0.7332	0	18
514	-0.2919	-0.5	0.2895	0.3651	0.6301	0	18
515	-0.2996	-0.499	0.2996	0.3688	0.8414	-1	19
516	-0.3064	-0.4998	0.3124	0.3641	0.7628	-1	19
517	-0.3083	-0.4996	0.2844	0.3614	0.8663	-1	19
518	-0.3097	-0.4997	0.2892	0.3611	0.8982	-1	19
519	-0.3132	-0.4951	0.2841	0.3562	0.8639	-1	19
520	-0.3139	-0.4997	0.2686	0.357	0.8621	-1	19
521	-0.3124	-0.4978	0.2465	0.3621	0.7346	-1	19
522	-0.2954	-0.5	0.283	0.3652	0.6163	0	20
523	-0.2813	-0.5	0.2504	0.3709	0.8498	-1	21
524	-0.2803	-0.5	0.248	0.3757	0.8625	-1	21
525	-0.289	-0.4971	0.2383	0.3751	0.9098	0	22
526	-0.2934	-0.4978	0.2417	0.376	0.9083	0	22
527	-0.2921	-0.4994	0.2436	0.3796	0.8789	0	22
528	-0.2894	-0.4997	0.2382	0.3783	0.891	0	22
529	-0.2881	-0.4927	0.2585	0.3813	0.8738	0	22
530	-0.2894	-0.49	0.2835	0.3892	0.898	-1	23
531	-0.2926	-0.4906	0.2707	0.387	0.9033	0	24
532	-0.2915	-0.5	0.2639	0.3925	0.8856	0	24
533	-0.2946	-0.4922	0.2298	0.3935	0.8959	0	24
534	-0.2931	-0.497	0.2278	0.3952	0.9094	0	24
535	-0.2949	-0.4939	0.2328	0.3841	0.8891	0	24
536	-0.2939	-0.3532	0.2474	0.3832	0.8057	-1	25
537	-0.2938	-0.373	0.265	0.3868	0.4792	-1	25
538	-0.2914	-0.4147	0.2507	0.3859	0.8423	-1	25
539	-0.2884	-0.3797	0.2464	0.3825	0.8451	-1	25
540	-0.2912	-0.4348	0.237	0.3813	0.8962	-1	25
541	-0.2895	-0.4144	0.2384	0.3805	0.8892	-1	25
542	-0.2888	-0.4256	0.2368	0.3784	0.9055	-1	25
543	-0.2891	-0.4945	0.2409	0.3792	0.8816	0	26
544	-0.289	-0.4977	0.2404	0.3767	0.8962	0	26
545	-0.2881	-0.4669	0.2354	0.3738	0.8882	-1	27
546	-0.2854	-0.4705	0.2351	0.3744	0.9064	-1	27
547	-0.2853	-0.4987	0.2598	0.3734	0.9225	0	28
548	-0.2889	-0.5	0.2998	0.3721	0.9281	0	28
549	-0.2896	-0.4945	0.3208	0.3773	0.9236	0	28
550	-0.2842	-0.4731	0.3514	0.3752	0.8819	-1	29
551	-0.2848	-0.3966	0.3621	0.3778	0.8998	-1	29
551	0.3534	-0.4972	0.3815	-0.3723	0.344	-1	29
551	0.2114	-0.4894	0.3282	-0.1252	0.3092	-1	29
552	-0.285	-0.4951	0.3721	0.3754	0.9483	0	30
553	-0.2848	-0.4932	0.3807	0.377	0.8544	-1	31
554	-0.2823	-0.4898	0.3152	0.3789	0.9168	-1	31
555	-0.281	-0.4569	0.2618	0.3803	0.8863	-1	31
556	-0.2798	-0.4938	0.2441	0.3821	0.9054	-1	31
557	-0.2809	-0.4954	0.2464	0.384	0.9035	-1	31
558	-0.2822	-0.4804	0.2425	0.384	0.9122	-1	31
559	-0.2828	-0.4605	0.2419	0.3807	0.9125	-1	31
560	-0.2837	-0.4309	0.2406	0.379	0.917	-1	31
561	-0.2827	-0.4331	0.2379	0.3797	0.9175	-1	31
562	-0.2799	-0.43	0.238	0.3779	0.9147	-1	31
563	-0.279	-0.4155	0.2396	0.3771	0.9127	-1	31
564	-0.2787	-0.4053	0.2425	0.3782	0.909	-1	31
565	-0.2798	-0.4702	0.2571	0.3767	0.8682	-1	31
566	-0.2797	-0.4799	0.2785	0.3769	0.7867	-1	31
567	-0.281	-0.4846	0.2874	0.3757	0.6102	-1	31
650	-0.2677	-0.1567	-0.199	0.0017	0.352	-1	31
651	-0.2675	-0.1558	-0.1992	0.0013	0.2929	-1	31
652	-0.2675	-0.1566	-0.1994	0.0003	0.3978	-1	31
653	-0.2673	-0.1566	-0.1993	0.0015	0.4549	-1	31
654	-0.2671	-0.155	-0.1988	0.0034	0.2957	-1	31
655	-0.2668	-0.1542	-0.1987	0.004	0.2602	-1	31
678	-0.338	0.059	-0.2647	0.3072	0.269	-1	31
679	-0.3384	0.0566	-0.2642	0.3052	0.2802	-1	31
778	-0.1461	-0.4854	-0.0691	-0.1138	0.3264	-1	31
779	-0.1408	-0.4872	-0.0689	-0.0963	0.4264	-1	31
780	-0.1373	-0.4621	-0.0717	-0.1196	0.6005	-1	31
781	-0.1334	-0.451	-0.0688	-0.0799	0.5678	-1	31
782	-0.1324	-0.3838	-0.0716	-0.0904	0.3335	-1	31
826	-0.3876	-0.4956	0.3934	0.4948	0.2559	-1	31
841	-0.3012	-0.1907	-0.1859	0.2021	0.6732	-1	31
841	-0.0442	0.0199	0.2179	0.2898	0.2518	-1	31
842	-0.3019	-0.1928	-0.1925	0.1991	0.7662	-1	31
843	-0.3012	-0.1924	-0.1924	0.2002	0.8472	-1	31
844	-0.3022	-0.1718	-0.1917	0.2225	0.8361	-1	31
845	-0.3016	-0.1708	-0.1928	0.2197	0.871	-1	31
845	-0.0636	0.2233	0.1959	0.4972	0.3338	-1	31
845	-0.0671	0.033	0.2142	0.4983	0.2514	-1	31
846	-0.3002	-0.1706	-0.1923	0.2132	0.8753	-1	31
846	-0.054	0.0207	0.2137	0.4953	0.6584	-1	31
846	-0.0762	-0.1956	0.0735	-0.1079	0.2939	-1	31
847	-0.2989	-0.1562	-0.1903	0.2232	0.8848	-1	31
847	-0.0753	-0.1883	0.069	-0.0965	0.4244	-1	31
847	-0.0564	0.0347	0.2177	0.4961	0.3748	-1	31
847	-0.0673	-0.4971	-0.031	-0.3301	0.2933	-1	31
848	-0.2965	-0.1507	-0.1871	0.2293	0.8929	-1	31
848	-0.0493	0.0428	0.219	0.496	0.6212	-1	31
848	-0.0642	-0.5	-0.0286	-0.3203	0.3313	-1	31
849	-0.2917	-0.1606	-0.1809	0.215	0.8904	-1	31
849	-0.0578	-0.4997	-0.0236	-0.3311	0.4338	-1	31
849	-0.0492	0.0131	0.2223	0.496	0.3424	-1	31
850	-0.2839	-0.1244	-0.1721	0.2432	0.9165	-1	31
850	-0.0346	0.2874	0.1602	0.4976	0.8121	-1	31
850	-0.0639	-0.4854	0.2436	0.4011	0.3556	-1	31
850	-0.0491	-0.4982	-0.0117	-0.3171	0.3101	-1	31
851	-0.2747	-0.1417	-0.1634	0.238	0.9053	-1	31
851	-0.0606	-0.4872	0.2508	0.4834	0.618	-1	31
851	-0.0175	0.2807	0.1635	0.4968	0.3462	-1	31
851	-0.0429	-0.4978	-0.004	-0.3454	0.3389	-1	31
852	-0.2711	-0.1714	-0.1648	0.2135	0.8421	-1	31
852	-0.0371	-0.4989	0.0031	-0.3365	0.4547	-1	31
852	-0.0384	-0.4964	0.2601	0.4991	0.4333	-1	31
853	-0.2676	-0.1935	-0.1632	0.1954	0.7252	-1	31
853	-0.1675	0.262	-0.1114	0.3402	0.617	-1	31
853	-0.032	-0.4976	0.0067	-0.3293	0.3451	-1	31
853	-0.0832	-0.0576	0.2446	0.4965	0.3236	-1	31
854	-0.2605	-0.1891	-0.1528	0.1827	0.813	-1	31
854	-0.1547	0.0307	0.2533	0.4957	0.7939	-1	31
854	-0.0543	-0.2259	0.0924	-0.1417	0.2752	-1	31
854	-0.0735	-0.2229	0.0934	-0.0964	0.256	-1	31
855	-0.2514	-0.1747	-0.1443	0.2047	0.8361	-1	31
855	-0.0065	0.0455	0.2625	0.4969	0.8332	-1	31
855	-0.0225	-0.4986	0.014	-0.3119	0.3756	-1	31
856	-0.2494	-0.1481	-0.136	0.2195	0.8584	-1	31
856	-0.0093	0.0242	0.2644	0.4965	0.4328	-1	31
856	-0.0208	-0.4994	0.0161	-0.3202	0.3842	-1	31
856	-0.0574	-0.1935	0.1122	-0.0913	0.3398	-1	31
856	-0.0063	0.2306	0.2019	0.4971	0.2582	-1	31
857	-0.2449	-0.1478	-0.1339	0.2165	0.8889	-1	31
857	-0.0182	-0.5	0.0198	-0.3222	0.4993	-1	31
857	-0.0223	0.0318	0.2729	0.4952	0.4881	-1	31
857	-0.0084	0.2367	0.2025	0.4969	0.3637	-1	31
858	-0.2426	-0.1527	-0.1335	0.2148	0.8781	-1	31
858	-0.0146	0.0327	0.2743	0.4944	0.6403	-1	31
858	-0.0158	-0.4974	0.0202	-0.3157	0.4952	-1	31
858	-0.0054	0.2301	0.2055	0.4968	0.2848	-1	31
859	-0.2416	-0.159	-0.1339	0.2132	0.8758	-1	31
859	-0.0134	-0.4975	0.0221	-0.3239	0.4627	-1	31
859	-0.0497	0.0182	0.2758	0.494	0.452	-1	31
860	0.0046	0.2219	0.2204	0.499	0.5122	-1	31
860	-0.1326	0.2754	-0.0897	0.3393	0.4958	-1	31
861	-0.2137	0.0917	0.0885	0.371	0.3222	-1	31
861	-0.1347	0.1018	0.0806	0.3703	0.2889	-1	31
862	-0.2239	-0.1732	0.2735	0.4986	0.8837	-1	31
863	-0.2298	-0.5	0.3403	0.4977	0.7747	-1	31
863	-0.2453	-0.4977	-0.0953	-0.4093	0.4193	-1	31
864	-0.3804	-0.5	0.3441	0.4976	0.8895	-1	31
865	-0.2192	-0.4955	0.3447	0.4982	0.9241	-1	31
866	-0.2254	-0.2096	0.2847	0.4982	0.8691	-1	31
867	-0.2185	-0.1084	0.2688	0.4972	0.8547	-1	31
867	-0.3007	-0.3195	-0.2035	0.0144	0.5851	-1	31
867	-0.1309	-0.4991	0.0307	-0.2383	0.3298	-1	31
868	-0.1578	-0.1348	0.2662	0.4973	0.9139	-1	31
868	-0.3069	-0.2911	-0.1961	0.0633	0.7463	-1	31
868	-0.2232	0.1174	-0.1114	0.3264	0.4335	-1	31
869	-0.1443	-0.1703	0.2662	0.4983	0.9091	-1	31
869	-0.3037	-0.3033	-0.1911	0.0047	0.8888	-1	31
869	-0.2267	0.1037	-0.1094	0.3333	0.5302	-1	31
870	-0.1439	-0.1646	0.2654	0.4984	0.9253	-1	31
870	-0.3049	-0.2946	-0.1931	0.0108	0.888	-1	31
870	-0.2251	0.107	-0.109	0.3298	0.5166	-1	31
871	-0.1443	-0.159	0.2652	0.4987	0.93	-1	31
871	-0.3057	-0.2891	-0.1965	0.0189	0.8831	-1	31
871	-0.2266	0.1166	-0.1128	0.3333	0.6603	-1	31
872	-0.1451	-0.1529	0.2651	0.4983	0.9315	-1	31
872	-0.3053	-0.2811	-0.194	0.0215	0.8937	-1	31
872	-0.2265	0.1218	-0.1127	0.3348	0.7144	-1	31
872	-0.0122	-0.499	0.0288	-0.3002	0.2558	-1	31
873	-0.1434	-0.1395	0.2653	0.4979	0.9196	-1	31
873	-0.303	-0.2816	-0.1929	0.0239	0.9063	-1	31
873	-0.2243	0.1276	-0.1114	0.333	0.7156	-1	31
873	-0.0102	-0.4989	0.03	-0.3018	0.371	-1	31
874	-0.141	-0.119	0.2665	0.4981	0.922	-1	31
874	-0.2991	-0.2748	-0.1892	0.0334	0.9078	-1	31
874	-0.2193	0.1336	-0.1113	0.3325	0.8406	-1	31
874	-0.0077	-0.4985	0.032	-0.3065	0.3163	-1	31
875	-0.1405	-0.1199	0.2665	0.4976	0.9386	-1	31
875	-0.2964	-0.2663	-0.186	0.0351	0.8938	-1	31
875	-0.2146	0.1408	-0.1119	0.3334	0.8596	-1	31
875	-0.0069	-0.4987	0.0321	-0.3161	0.3261	-1	31
876	-0.1384	-0.1173	0.2645	0.4977	0.9279	-1	31
876	-0.2937	-0.2625	-0.186	0.0365	0.8958	-1	31
876	-0.2155	0.1435	-0.1135	0.3335	0.8869	-1	31
876	-0.0069	-0.499	0.0322	-0.3131	0.295	-1	31
877	-0.2915	-0.2542	-0.1805	0.0431	0.8978	-1	31
877	-0.1386	-0.1082	0.2647	0.4974	0.8806	-1	31
877	-0.2132	0.1497	-0.1148	0.3341	0.8414	-1	31
878	-0.286	-0.2386	-0.1739	0.0709	0.8797	-1	31
878	-0.0968	-0.279	0.0737	-0.1759	0.6564	-1	31
878	-0.1477	-0.0115	0.2661	0.4982	0.5965	-1	31
878	-0.3585	-0.015	0.2645	0.4982	0.5592	-1	31
879	-0.1356	-0.045	0.2683	0.4968	0.8842	-1	31
879	-0.2772	-0.2313	-0.1675	0.083	0.8692	-1	31
879	-0.2129	0.1779	-0.1148	0.3358	0.3972	-1	31
880	-0.2679	-0.2291	-0.1597	0.0885	0.8861	-1	31
880	-0.1352	-0.0847	0.2735	0.4966	0.8854	-1	31
880	-0.2071	0.1775	-0.1123	0.3294	0.6022	-1	31
880	0.0012	-0.4984	0.0413	-0.2867	0.2759	-1	31
881	-0.1329	-0.0511	0.2746	0.4972	0.8455	-1	31
881	-0.2608	-0.2232	-0.1531	0.1018	0.8023	-1	31
881	0.0026	-0.4981	0.0424	-0.3062	0.3986	-1	31
881	-0.2056	0.183	-0.112	0.3359	0.3902	-1	31
882	-0.2544	-0.2164	-0.1488	0.1013	0.8517	-1	31
882	-0.166	-0.0441	0.276	0.4965	0.8346	-1	31
882	-0.1981	0.1966	-0.1075	0.3374	0.3066	-1	31
883	-0.2513	-0.2094	-0.1441	0.104	0.8919	-1	31
883	-0.137	-0.0311	0.2745	0.4962	0.8212	-1	31
883	-0.0749	-0.2355	0.0932	-0.1264	0.3421	-1	31
884	-0.249	-0.2015	-0.1412	0.113	0.893	-1	31
884	-0.1425	-0.0545	0.2785	0.496	0.7743	-1	31
884	0.0085	-0.4975	0.0467	-0.3275	0.2591	-1	31
884	0.0149	-0.2197	0.1167	-0.1629	0.2561	-1	31
885	-0.2035	-0.0545	0.2791	0.4984	0.7102	-1	31
886	-0.3676	-0.0186	0.2766	0.4993	0.6606	-1	31
886	-0.2599	-0.2772	-0.1535	0.0518	0.5192	-1	31
887	-0.2014	-0.1119	0.2802	0.4982	0.7219	-1	31
887	-0.2539	-0.3139	-0.158	0.0101	0.6229	-1	31
888	-0.2566	-0.342	-0.1512	-0.0063	0.8883	-1	31
888	-0.1233	-0.1498	0.2825	0.4984	0.8838	-1	31
888	-0.0856	-0.4977	0.0701	-0.2949	0.3414	-1	31
888	-0.2035	0.097	-0.0961	0.3418	0.2663	-1	31
889	-0.2025	-0.1432	0.2864	0.4981	0.5971	-1	31
890	-0.3181	-0.2912	-0.1738	0.1403	0.3402	-1	31
890	-0.2121	0.0113	0.2774	0.4983	0.34	-1	31
891	-0.0993	-0.5	0.3115	0.4984	0.3286	-1	31
892	-0.2651	-0.1858	-0.1612	0.1658	0.8779	-1	31
892	-0.1097	-0.5	0.3037	0.4974	0.4478	-1	31
892	-0.1059	-0.1863	0.2941	0.4969	0.443	-1	31
892	-0.1125	0.0926	0.2754	0.4996	0.4334	-1	31
893	-0.0636	-0.5	0.3055	0.4968	0.6688	-1	31
893	-0.0753	-0.0422	0.276	0.4975	0.4063	-1	31
893	-0.2586	-0.1903	-0.1585	0.1701	0.352	-1	31
894	-0.0607	-0.0457	0.2827	0.4977	0.382	-1	31
895	-0.2484	-0.2425	-0.1437	0.0993	0.8642	-1	31
895	-0.1493	-0.0712	0.2843	0.498	0.7852	-1	31
895	-0.1949	0.1902	-0.0988	0.3367	0.3396	-1	31
896	-0.2451	-0.2441	-0.1412	0.0992	0.8718	-1	31
896	-0.184	-0.0434	0.2822	0.4981	0.8026	-1	31
897	-0.2437	-0.2254	-0.1401	0.1222	0.7276	-1	31
897	-0.1327	-0.0478	0.2843	0.4968	0.6309	-1	31
898	-0.2468	-0.2114	-0.1431	0.1386	0.8194	-1	31
898	-0.0906	-0.049	0.277	0.4954	0.3479	-1	31
898	-0.0853	-0.4914	0.2986	0.4965	0.3419	-1	31
899	-0.2501	-0.206	-0.146	0.1417	0.8603	-1	31
899	-0.1182	0.0081	0.2809	0.495	0.5513	-1	31
899	-0.0584	-0.2231	0.0943	-0.0765	0.3001	-1	31
900	-0.2499	-0.2034	-0.1463	0.1429	0.8556	-1	31
900	-0.1183	-0.0063	0.2806	0.4946	0.6999	-1	31
901	-0.2476	-0.211	-0.144	0.1392	0.8633	-1	31
901	-0.1149	-0.0207	0.2819	0.4948	0.7918	-1	31
901	-0.0549	-0.2249	0.0972	-0.0754	0.3783	-1	31
902	-0.2466	-0.211	-0.1431	0.1356	0.8616	-1	31
902	-0.1151	-0.0198	0.2819	0.4952	0.8547	-1	31
903	-0.2473	-0.2094	-0.1467	0.1336	0.8914	-1	31
903	-0.1153	0.0684	0.2876	0.4955	0.5096	-1	31
903	-0.1143	-0.2448	0.2953	0.4971	0.2791	-1	31
903	0.0152	-0.2207	0.1086	-0.1582	0.2789	-1	31
904	-0.2497	-0.2131	-0.141	0.1239	0.8689	-1	31
904	0.0191	-0.357	0.3041	0.2869	0.4371	-1	31
905	-0.262	-0.2157	-0.1328	0.1385	0.6482	-1	31
905	-0.124	0.1723	0.1239	0.3753	0.6352	-1	31
905	0.0094	-0.2394	0.06	-0.2006	0.4643	-1	31
905	0.1291	-0.2608	0.3103	0.2846	0.445	-1	31
905	0.0671	0.4043	0.1545	0.497	0.4297	-1	31
906	-0.266	-0.2189	-0.1275	0.1377	0.7858	-1	31
906	-0.1199	0.1648	0.1201	0.3756	0.3977	-1	31
906	-0.2088	0.2123	-0.1193	0.3385	0.3817	-1	31
906	0.0321	-0.3332	0.3121	0.274	0.2957	-1	31
907	0.0439	-0.2996	0.3215	0.2701	0.7411	-1	31
907	-0.2992	-0.2104	-0.141	0.1517	0.6279	-1	31
908	-0.164	-0.4398	0.017	-0.1276	0.575	-1	31
908	-0.2255	0.1954	0.1409	0.5	0.3015	-1	31
908	0.0328	-0.3104	0.3316	0.4141	0.2791	-1	31
908	-0.2159	0.0414	-0.1391	0.1529	0.2566	-1	31
909	-0.2881	0.2745	-0.2118	0.4164	0.335	-1	31
910	-0.2776	-0.1126	-0.1498	0.1444	0.7637	-1	31
910	0.0384	-0.3166	0.2729	-0.0406	0.3239	-1	31
911	-0.1653	-0.447	0.006	-0.1334	0.7415	-1	31
911	-0.2738	-0.1287	-0.152	0.1368	0.4052	-1	31
911	-0.0768	-0.3729	0.0923	-0.0688	0.2623	-1	31
912	-0.1678	-0.445	0.005	-0.1318	0.7657	-1	31
912	0.0369	-0.3173	0.2681	-0.049	0.7468	-1	31
912	-0.0773	-0.3831	0.0941	-0.0767	0.5915	-1	31
912	-0.2689	-0.1272	-0.1574	0.1266	0.3787	-1	31
912	-0.1276	-0.4359	-0.0062	-0.1914	0.2862	-1	31
913	-0.1641	-0.4409	0.0036	-0.1335	0.7826	-1	31
913	0.0391	-0.3158	0.2705	-0.0498	0.6779	-1	31
913	-0.0434	-0.3747	0.0833	-0.0751	0.5896	-1	31
913	-0.1286	-0.3965	0.0794	-0.1172	0.4783	-1	31
913	-0.0254	-0.3761	0.084	-0.1399	0.2821	-1	31
914	0.0385	-0.3154	0.2688	-0.0475	0.8132	-1	31
914	-0.1626	-0.4365	-0.0029	-0.142	0.6712	-1	31
914	-0.0429	-0.3738	0.0825	-0.0679	0.4592	-1	31
914	-0.0249	-0.3782	0.0841	-0.1339	0.2982	-1	31
914	-0.1256	-0.4362	-0.0055	-0.1926	0.2704	-1	31
915	0.0373	-0.3156	0.2645	-0.0497	0.8609	-1	31
915	-0.1085	-0.2433	-0.03	-0.0901	0.3433	-1	31
915	0.1719	-0.1304	0.2389	-0.0368	0.2729	-1	31
916	0.0373	-0.3164	0.2598	-0.0474	0.808	-1	31
916	-0.0693	-0.4018	0.0829	-0.1177	0.5497	-1	31
916	0.1658	-0.1259	0.2367	-0.0342	0.4192	-1	31
917	0.0348	-0.3209	0.258	-0.051	0.8891	-1	31
917	0.1517	-0.1277	0.2343	-0.0379	0.5023	-1	31
917	-0.0834	-0.4168	0.0825	-0.1157	0.35	-1	31
918	0.0354	-0.3219	0.2575	-0.0566	0.9103	-1	31
918	0.1493	-0.1267	0.2461	-0.0354	0.5687	-1	31
919	0.0365	-0.3202	0.2514	-0.0651	0.8557	-1	31
919	0.1546	-0.1351	0.2543	-0.0389	0.6541	-1	31
920	0.035	-0.3234	0.25	-0.0678	0.8508	-1	31
920	0.153	-0.135	0.2559	-0.037	0.6918	-1	31
920	-0.0604	-0.1259	0.0117	-0.0668	0.2759	-1	31
921	0.1537	-0.1376	0.2577	-0.036	0.6783	-1	31
921	0.0348	-0.3264	0.2268	-0.0686	0.5641	-1	31
922	0.1498	-0.1355	0.2602	-0.0335	0.6484	-1	31
922	0.0373	-0.3247	0.2332	-0.0675	0.569	-1	31
923	0.1521	-0.1308	0.2574	-0.0337	0.6526	-1	31
923	0.0363	-0.3256	0.2173	-0.0622	0.5826	-1	31
923	-0.0609	-0.1189	0.021	-0.0577	0.3426	-1	31
924	0.1548	-0.1307	0.2573	-0.0317	0.6758	-1	31
924	0.0353	-0.327	0.2144	-0.062	0.512	-1	31
924	-0.0612	-0.1218	0.0221	-0.0564	0.4312	-1	31
925	0.1495	-0.1328	0.2596	-0.0313	0.6636	-1	31
926	0.1422	-0.1304	0.2519	-0.0278	0.6921	1	32
927	0.1398	-0.1262	0.2571	-0.0187	0.7591	1	32
928	0.1423	-0.128	0.2495	-0.022	0.6975	1	32
928	0.0353	-0.319	0.2326	-0.0625	0.6029	-1	33
929	0.1472	-0.1291	0.2551	-0.0223	0.6808	-1	33
930	0.1502	-0.1283	0.2555	-0.0217	0.7329	-1	33
931	0.0306	-0.3171	0.231	-0.0575	0.7207	-1	33
931	0.1521	-0.1277	0.2478	-0.0243	0.6967	-1	33
931	-0.1734	-0.4374	0.0712	-0.0974	0.3867	-1	33
932	0.1508	-0.1262	0.2459	-0.0216	0.7166	-1	33
932	0.0339	-0.3158	0.2279	-0.0566	0.5902	-1	33
933	0.1461	-0.126	0.2461	-0.0224	0.7293	-1	33
933	0.035	-0.3179	0.2288	-0.0544	0.4851	-1	33
934	0.1402	-0.1256	0.2493	-0.0215	0.7512	1	34
934	-0.165	-0.4305	0.0681	-0.1187	0.3182	-1	35
935	0.1436	-0.1259	0.2471	-0.019	0.7717	1	36
935	-0.1847	-0.433	0.0628	-0.1113	0.3914	-1	37
936	0.1355	-0.1284	0.2428	-0.0248	0.7429	1	38
936	-0.1809	-0.4476	0.0643	-0.1056	0.3381	-1	39
937	0.1333	-0.1294	0.2428	-0.0204	0.6798	1	40
937	-0.185	-0.4619	0.0659	-0.1042	0.3485	-1	41
938	0.1406	-0.1252	0.2447	-0.0193	0.7502	1	42
939	0.1305	-0.1289	0.2456	-0.0202	0.7099	1	42
939	-0.1875	-0.4633	0.067	-0.0974	0.3013	-1	43
939	0.1025	-0.1211	0.2513	-0.0057	0.3009	-1	43
940	0.1351	-0.1299	0.244	-0.024	0.7545	1	44
940	-0.1834	-0.4423	0.0654	-0.1036	0.507	-1	45
941	0.1346	-0.1297	0.2441	-0.0252	0.7629	1	46
941	-0.1848	-0.4413	0.0652	-0.1033	0.4658	-1	47
942	0.1346	-0.1269	0.2474	-0.0226	0.7663	1	48
943	0.1345	-0.1256	0.2477	-0.0208	0.7201	1	48
943	-0.1881	-0.4545	0.066	-0.0999	0.374	-1	49
943	0.1087	-0.1188	0.2528	-0.0063	0.3099	-1	49
944	0.1367	-0.129	0.2485	-0.0236	0.7793	1	50
944	-0.1876	-0.4397	0.0648	-0.11	0.46	-1	51
945	0.1406	-0.1308	0.2453	-0.0252	0.7269	1	52
945	-0.1891	-0.451	0.0658	-0.1013	0.4954	-1	53
946	0.1404	-0.1302	0.2441	-0.0252	0.7819	1	54
946	-0.1889	-0.4443	0.0665	-0.0999	0.5424	-1	55
947	0.1384	-0.1289	0.247	-0.0249	0.7897	1	56
947	-0.1847	-0.4424	0.0653	-0.111	0.2685	-1	57
948	0.1339	-0.1301	0.2439	-0.0251	0.7599	1	58
948	-0.1822	-0.4376	0.0645	-0.1043	0.4498	-1	59
949	0.1371	-0.1323	0.2403	-0.026	0.7444	1	60
949	-0.1884	-0.4434	0.0652	-0.0916	0.3964	-1	61
949	0.0926	-0.1256	0.2434	-0.0184	0.2802	-1	61
950	0.1321	-0.1317	0.2383	-0.025	0.7312	1	62
951	0.131	-0.1307	0.2377	-0.0246	0.7087	1	62
952	0.1281	-0.1281	0.2334	-0.0199	0.6685	1	62
952	0.1032	-0.1183	0.2377	-0.0056	0.2792	-1	63
953	0.1335	-0.1245	0.2326	-0.014	0.7184	1	64
953	0.0195	-0.3201	0.2057	-0.0535	0.2792	-1	65
954	0.138	-0.1233	0.2313	-0.0157	0.7776	1	66
954	0.0166	-0.3196	0.1961	-0.0509	0.3191	-1	67
955	0.1318	-0.1202	0.2309	-0.0134	0.6817	-1	67
956	0.135	-0.1226	0.2312	-0.0145	0.8305	1	68
956	-0.1883	-0.4538	0.0622	-0.0961	0.3006	-1	69
957	0.1336	-0.124	0.2309	-0.0155	0.793	1	70
958	0.1321	-0.128	0.2305	-0.0178	0.7717	1	70
958	-0.0756	-0.1117	0.0444	-0.0057	0.4232	-1	71
958	-0.19	-0.4456	0.0643	-0.1016	0.2521	-1	71
959	0.131	-0.13	0.2302	-0.0227	0.7566	1	72
959	-0.0168	-0.0296	0.0255	0.0275	0.543	-1	73
959	-0.192	-0.4495	0.0657	-0.0995	0.5215	-1	73
959	-0.076	-0.1172	0.0499	-0.0142	0.3735	-1	73
960	0.1332	-0.1312	0.2318	-0.0233	0.7906	1	74
960	-0.0165	-0.0312	0.0264	0.0275	0.482	-1	75
960	-0.1911	-0.4489	0.0673	-0.1025	0.4397	-1	75
961	0.1322	-0.1315	0.2309	-0.0249	0.7601	1	76
961	-0.0181	-0.031	0.0264	0.0293	0.5952	-1	77
961	-0.1912	-0.4487	0.0647	-0.1009	0.4772	-1	77
961	-0.0765	-0.1185	0.0439	-0.0242	0.3828	-1	77
962	-0.0232	-0.0334	0.0288	0.0301	0.7588	-1	77
962	0.1311	-0.1299	0.2308	-0.0246	0.656	1	78
962	0.0167	-0.3256	0.209	-0.0533	0.3678	-1	79
963	-0.0224	-0.0343	0.0288	0.0319	0.7794	-1	79
963	0.1306	-0.1309	0.2308	-0.0256	0.7051	1	80
963	-0.1906	-0.4481	0.0634	-0.1034	0.4705	-1	81
963	-0.0762	-0.1154	0.0344	-0.0236	0.2526	-1	81
964	-0.0233	-0.0345	0.0284	0.0345	0.8063	-1	81
964	0.1302	-0.1323	0.2303	-0.024	0.7432	1	82
964	-0.1912	-0.4475	0.0636	-0.1008	0.3072	-1	83
965	-0.0224	-0.035	0.0287	0.0344	0.758	-1	83
965	0.1313	-0.1306	0.2298	-0.0247	0.6973	1	84
966	-0.0233	-0.0315	0.0328	0.0385	0.7497	-1	85
966	0.1322	-0.1291	0.2232	-0.0221	0.4744	1	86
967	-0.0241	-0.0301	0.0359	0.0405	0.6791	-1	87
967	0.1366	-0.1265	0.2174	-0.0237	0.5709	1	88
968	0.1332	-0.1273	0.2261	-0.0164	0.6579	1	88
968	-0.0254	-0.0274	0.0321	0.0459	0.6568	-1	89
968	0.0997	0.1323	0.303	0.4383	0.5574	-1	89
968	-0.076	-0.1105	0.049	0.0482	0.3674	-1	89
968	-0.0766	-0.1095	0.0455	-0.0073	0.3566	-1	89
969	0.1378	-0.1231	0.2312	-0.0167	0.7933	1	90
969	-0.0223	-0.0278	0.0329	0.0443	0.7515	-1	91
969	-0.1884	-0.4575	0.0637	-0.098	0.3595	-1	91
969	-0.078	-0.1063	0.0129	-0.0371	0.3163	-1	91
970	0.1369	-0.1256	0.2292	-0.0207	0.7926	1	92
970	-0.0214	-0.0327	0.0347	0.0392	0.7227	-1	93
970	-0.0738	-0.1129	0.0389	-0.0141	0.2778	-1	93
971	0.1398	-0.1294	0.2336	-0.0268	0.7808	1	94
971	-0.0218	-0.0334	0.034	0.038	0.7294	-1	95
971	-0.0355	-0.0338	0.0359	0.0737	0.4845	-1	95
971	-0.0409	0.0522	-0.0105	0.093	0.4056	-1	95
971	-0.0751	-0.1192	0.0357	-0.0248	0.3122	-1	95
972	0.1417	-0.13	0.2356	-0.0249	0.7866	1	96
972	-0.025	-0.0334	0.0358	0.0417	0.6954	-1	97
972	-0.0394	-0.034	0.0361	0.0806	0.5463	-1	97
972	-0.1851	-0.4499	0.0673	-0.1064	0.3915	-1	97
973	-0.0403	-0.0367	0.037	0.0872	0.7753	-1	97
973	0.145	-0.1276	0.2377	-0.0256	0.723	-1	97
974	-0.0406	-0.0366	0.0376	0.0871	0.8089	-1	97
974	0.1462	-0.1278	0.2371	-0.0255	0.734	-1	97
975	-0.0405	-0.0362	0.0382	0.09	0.8126	-1	97
975	0.1435	-0.1281	0.2379	-0.0249	0.7611	1	98
976	-0.0408	-0.0356	0.0404	0.0913	0.7963	-1	99
976	0.1435	-0.1274	0.2366	-0.0231	0.7654	1	100
977	-0.0416	-0.036	0.0394	0.0908	0.8044	-1	101
977	0.1394	-0.1275	0.237	-0.0237	0.7614	1	102
978	0.1385	-0.1288	0.235	-0.0243	0.7949	1	102
978	-0.0438	-0.037	0.0367	0.0902	0.7817	-1	103
978	-0.1846	-0.4525	0.0674	-0.1018	0.3844	-1	103
979	-0.0454	-0.0371	0.035	0.0908	0.7731	-1	103
979	0.1358	-0.13	0.2343	-0.0229	0.7638	1	104
980	-0.0462	-0.0356	0.0407	0.0948	0.7863	-1	105
980	0.1346	-0.1275	0.2321	-0.0219	0.759	1	106
981	0.136	-0.1283	0.2343	-0.0212	0.7849	1	106
981	-0.0449	-0.0359	0.0414	0.0952	0.764	-1	107
982	-0.0435	-0.0358	0.0407	0.0941	0.7951	-1	107
982	0.1364	-0.1292	0.2353	-0.0223	0.7623	1	108
982	-0.1851	-0.4552	0.0681	-0.1018	0.2538	-1	109
983	-0.0445	-0.036	0.0394	0.0941	0.8052	-1	109
983	0.1381	-0.1303	0.2351	-0.0235	0.7967	1	110
983	-0.1808	-0.4524	0.0671	-0.1011	0.2799	-1	111
984	0.1349	-0.1301	0.233	-0.0232	0.7678	1	112
984	-0.0461	-0.0358	0.0422	0.0967	0.7396	-1	113
985	0.1358	-0.1244	0.2316	-0.0167	0.7861	1	114
985	-0.049	-0.0306	0.0371	0.1024	0.7409	-1	115
985	-0.0812	-0.1108	0.038	-0.021	0.3539	-1	115
986	0.135	-0.1217	0.2305	-0.0148	0.7514	1	116
986	-0.0522	-0.0279	0.0347	0.1035	0.7334	-1	117
986	-0.0818	-0.1073	0.0364	-0.0174	0.2987	-1	117
987	0.135	-0.1205	0.2288	-0.0145	0.8279	-1	117
987	-0.0545	-0.0272	0.0336	0.1042	0.7929	-1	117
988	0.1389	-0.1225	0.2303	-0.0164	0.7778	1	118
988	-0.0504	-0.0286	0.0354	0.1031	0.7544	-1	119
989	-0.0487	-0.0314	0.0372	0.1019	0.8447	-1	119
989	0.1386	-0.1226	0.235	-0.0173	0.7869	1	120
989	-0.1118	0.1695	-0.0755	0.2208	0.5763	-1	121
989	-0.0793	-0.1155	0.0388	-0.026	0.3487	-1	121
990	-0.0478	-0.0341	0.0377	0.1001	0.8209	-1	121
990	0.1379	-0.1242	0.2358	-0.0196	0.7745	1	122
990	-0.1115	0.1657	-0.0725	0.217	0.6357	-1	123
990	-0.078	-0.1171	0.0382	-0.027	0.2822	-1	123
991	-0.0472	-0.0325	0.0381	0.1006	0.8187	-1	123
991	0.139	-0.124	0.2369	-0.0187	0.8057	1	124
991	-0.1124	0.1632	-0.0712	0.2184	0.7198	-1	125
991	-0.076	-0.1167	0.0399	-0.0272	0.2822	-1	125
992	-0.0457	-0.0304	0.0382	0.1013	0.8437	-1	125
992	0.14	-0.1257	0.2382	-0.0191	0.843	1	126
992	-0.1107	0.1643	-0.0692	0.2215	0.4413	-1	127
992	-0.078	-0.119	0.0315	-0.0384	0.3914	-1	127
993	0.148	-0.1201	0.2388	-0.0167	0.8612	-1	127
993	-0.043	-0.0277	0.0394	0.1024	0.8364	-1	127
993	-0.1084	0.1665	-0.064	0.2218	0.6084	-1	127
993	-0.0746	-0.1181	0.0467	-0.0364	0.391	-1	127
994	-0.0423	-0.0254	0.0441	0.1071	0.8254	-1	127
994	0.1391	-0.1101	0.2404	-0.0098	0.7979	-1	127
994	-0.1089	0.1675	-0.0619	0.2218	0.4138	-1	127
995	-0.0435	-0.022	0.044	0.1087	0.8199	-1	127
995	0.1371	-0.1087	0.2408	-0.0066	0.7539	-1	127
996	-0.0445	-0.0234	0.0429	0.1086	0.7988	-1	127
996	0.1358	-0.1096	0.2408	-0.0042	0.7694	-1	127
997	0.1345	-0.1083	0.2408	-0.0066	0.8098	-1	127
997	-0.0429	-0.0214	0.0389	0.1112	0.7617	-1	127
998	-0.0437	-0.0196	0.0387	0.1137	0.8251	-1	127
998	0.129	-0.1069	0.2394	-0.0058	0.7974	-1	127
998	-0.1632	-0.4381	0.0748	-0.0911	0.2935	-1	127
999	0.1316	-0.1067	0.2385	-0.0051	0.8113	-1	127
999	-0.0458	-0.0201	0.0373	0.1124	0.781	-1	127
999	-0.1818	-0.4379	0.0725	-0.0891	0.4948	-1	127
999	0.027	-0.3217	0.2368	-0.0392	0.3727	-1	127
1000	-0.0485	-0.0152	0.0373	0.1148	0.8379	-1	127
1000	0.1301	-0.1073	0.2362	-0.0038	0.7894	-1	127
1000	0.0231	-0.3194	0.2286	-0.035	0.604	-1	127
1000	-0.1699	-0.43	0.0714	-0.0854	0.512	-1	127
1001	-0.049	-0.0087	0.0382	0.1214	0.8625	-1	127
1001	0.1294	-0.1012	0.2364	0.0044	0.7767	-1	127
1002	-0.0492	-0.0071	0.0398	0.1251	0.8476	-1	127
1002	0.126	-0.0989	0.236	0.0063	0.7415	-1	127
1003	-0.0511	-0.0078	0.038	0.1264	0.8236	-1	127
1003	0.1248	-0.0978	0.234	0.0091	0.7777	-1	127
1003	-0.1857	-0.4237	0.0719	-0.0747	0.4359	-1	127
1003	-0.1203	0.1868	-0.0732	0.2443	0.2648	-1	127
1004	0.1243	-0.0987	0.2353	0.0094	0.8053	-1	127
1004	-0.0507	-0.0077	0.0371	0.1258	0.8026	-1	127
1004	-0.1208	0.1883	-0.0716	0.2458	0.3118	-1	127
1005	-0.0538	-0.0059	0.0311	0.1241	0.8792	-1	127
1005	0.12	-0.1008	0.2305	0.011	0.8236	-1	127
1005	-0.124	0.1846	-0.0757	0.241	0.5793	-1	127
1005	-0.1904	-0.4241	0.0656	-0.0855	0.511	-1	127
1006	-0.0552	-0.0064	0.0297	0.1232	0.8576	-1	127
1006	0.121	-0.1003	0.2294	0.0087	0.8538	-1	127
1006	-0.126	0.1858	-0.0773	0.2477	0.6116	-1	127
1006	-0.1918	-0.4266	0.0643	-0.0817	0.5633	-1	127
1006	-0.1794	0.2945	-0.1335	0.3471	0.277	-1	127
1007	-0.0553	-0.0039	0.0289	0.1278	0.8588	-1	127
1007	0.1242	-0.0967	0.2293	0.0118	0.8477	-1	127
1007	-0.1261	0.192	-0.0765	0.2528	0.5507	-1	127
1007	-0.1911	-0.418	0.0655	-0.0755	0.3838	-1	127
1008	-0.0541	-0.0042	0.0314	0.1283	0.8649	-1	127
1008	0.1255	-0.0995	0.2306	0.0116	0.802	-1	127
1008	-0.1884	-0.4246	0.0655	-0.0794	0.6772	-1	127
1008	-0.1227	0.1906	-0.0757	0.2518	0.4086	-1	127
1009	-0.0552	-0.0034	0.0292	0.128	0.8537	-1	127
1009	0.1221	-0.0984	0.2294	0.0128	0.8315	-1	127
1009	-0.1902	-0.4167	0.0663	-0.0711	0.6733	-1	127
1009	-0.2397	0.2845	-0.1264	0.4267	0.339	-1	127
1009	-0.1258	0.1917	-0.0766	0.2527	0.2992	-1	127
1010	-0.0584	-0.0015	0.0282	0.1304	0.8469	-1	127
1010	0.1299	-0.0908	0.222	0.0124	0.8183	-1	127
1010	-0.1885	-0.4193	0.0663	-0.0746	0.5771	-1	127
1010	-0.1297	0.199	-0.0782	0.2577	0.5243	-1	127
1010	-0.2368	0.2823	-0.1388	0.4239	0.5056	-1	127
1011	0.125	-0.0887	0.2186	0.0163	0.8524	-1	127
1011	-0.0631	0.002	0.0263	0.1353	0.7988	-1	127
1012	0.1202	-0.0846	0.2166	0.0198	0.8574	-1	127
1012	-0.0678	0.0079	0.0214	0.1423	0.8421	-1	127
1013	-0.0702	0.0162	0.0184	0.1482	0.8494	-1	127
1013	0.1194	-0.084	0.2122	0.0248	0.8123	-1	127
1013	-0.1897	-0.4157	0.0663	-0.0628	0.2918	-1	127
1014	-0.0745	0.0239	0.0154	0.1532	0.859	-1	127
1014	0.1051	-0.0772	0.212	0.0338	0.8113	-1	127
1014	0.204	0.1731	0.2513	0.2263	0.2755	-1	127
1015	-0.0752	0.0194	0.0118	0.1486	0.8338	-1	127
1015	0.1066	-0.0795	0.209	0.0322	0.8084	-1	127
1016	-0.0747	0.0143	0.0132	0.1445	0.8187	-1	127
1016	0.111	-0.0849	0.2089	0.0236	0.7987	-1	127
1016	-0.1454	0.2061	-0.093	0.2668	0.3227	-1	127
1016	-0.1912	-0.4274	0.0646	-0.0669	0.2976	-1	127
1017	0.1189	-0.0819	0.2141	0.0199	0.8632	-1	127
1017	-0.0711	0.0075	0.017	0.143	0.7569	-1	127
1017	-0.1914	-0.4381	0.0612	-0.0633	0.5214	-1	127
1017	-0.2392	0.2757	-0.1395	0.4225	0.2999	-1	127
1018	0.1183	-0.0867	0.2141	0.0189	0.8567	-1	127
1018	-0.0708	0.0039	0.0168	0.1389	0.7905	-1	127
1018	-0.2598	0.2841	-0.1403	0.4191	0.2921	-1	127
1018	-0.1418	0.1999	-0.0948	0.2527	0.2609	-1	127
1019	0.1159	-0.0905	0.2124	0.0185	0.8401	-1	127
1019	-0.073	0.0024	0.0158	0.1359	0.7521	-1	127
1019	-0.2456	0.2849	-0.1657	0.4098	0.4983	-1	127
1020	0.1146	-0.087	0.2111	0.0198	0.8151	-1	127
1020	-0.0742	0.0045	0.015	0.1401	0.7448	-1	127
1020	-0.2403	0.2867	-0.1631	0.4091	0.4937	-1	127
1021	0.1144	-0.0847	0.2115	0.02	0.8023	-1	127
1021	-0.0729	0.0078	0.0148	0.1424	0.781	-1	127
1021	-0.1444	0.2033	-0.0916	0.2655	0.5706	-1	127
1021	-0.2325	0.2954	-0.1727	0.4056	0.374	-1	127
1022	0.1165	-0.0833	0.2095	0.0218	0.8207	-1	127
1022	-0.0726	0.0103	0.0142	0.1447	0.7757	-1	127
1022	-0.1442	0.2055	-0.0912	0.2722	0.6599	-1	127
1023	-0.0755	0.0144	0.011	0.1459	0.8551	-1	127
1023	0.1082	-0.0878	0.2045	0.024	0.8253	-1	127
1023	-0.1451	0.2064	-0.0934	0.27	0.6739	-1	127
1023	-0.1971	-0.4245	0.057	-0.0738	0.4689	-1	127
1023	-0.2433	0.2857	-0.1527	0.413	0.3313	-1	127
1024	-0.0754	0.0126	0.012	0.1426	0.8257	-1	127
1024	0.1106	-0.0883	0.2033	0.0211	0.8183	-1	127
1024	-0.2423	0.2673	-0.1458	0.4102	0.5656	-1	127
1024	-0.144	0.2043	-0.0942	0.2677	0.4816	-1	127
1025	0.1138	-0.0876	0.2093	0.0204	0.8344	-1	127
1025	-0.0747	0.0112	0.0127	0.1416	0.8266	-1	127
1025	-0.1431	0.2044	-0.093	0.2675	0.4991	-1	127
1025	-0.2397	0.2722	-0.1521	0.4092	0.4935	-1	127
1025	-0.1465	0.2017	-0.1185	0.2459	0.2563	-1	127
1026	0.1155	-0.0891	0.2096	0.019	0.8395	-1	127
1026	-0.0737	0.0051	0.0134	0.1413	0.837	-1	127
1026	-0.143	0.2032	-0.0925	0.2651	0.5217	-1	127
1027	-0.0753	0.0007	0.0142	0.1356	0.8528	-1	127
1027	0.1114	-0.0932	0.2096	0.017	0.8525	-1	127
1027	-0.1106	-0.066	-0.0598	-0.0125	0.3683	-1	127
1027	-0.1448	0.2011	-0.0952	0.2609	0.3657	-1	127
1027	-0.1114	-0.0763	-0.0508	-0.01	0.3646	-1	127
1028	0.1067	-0.0943	0.2027	0.0162	0.8567	-1	127
1028	-0.0755	-0.0037	0.0108	0.1331	0.8364	-1	127
1028	-0.1131	-0.0637	-0.0569	-0.0083	0.5014	-1	127
1028	-0.1155	-0.0691	-0.0445	-0.0037	0.4123	-1	127
1028	-0.1482	0.1968	-0.0958	0.2607	0.3177	-1	127
1029	-0.0771	-0.0134	0.0071	0.1325	0.8784	-1	127
1029	0.1003	-0.0925	0.2058	0.0141	0.8348	-1	127
1030	0.1011	-0.094	0.208	0.0139	0.8346	-1	127
1030	-0.0769	-0.0073	0.0082	0.1309	0.7257	-1	127
1031	0.1004	-0.093	0.2067	0.0143	0.8283	-1	127
1032	0.1012	-0.0944	0.2048	0.0131	0.8531	-1	127
1033	0.1021	-0.0947	0.2045	0.0128	0.8586	-1	127
1033	-0.0798	-0.0071	0.0069	0.133	0.587	-1	127
1034	0.1023	-0.093	0.2065	0.0125	0.8383	-1	127
1034	-0.0774	-0.0045	0.0112	0.1321	0.7664	-1	127
1034	-0.1997	-0.4508	0.0566	-0.0743	0.2547	-1	127
1035	0.1038	-0.0931	0.2033	0.0131	0.8301	-1	127
1035	-0.0752	0.0014	0.0098	0.1336	0.6426	-1	127
1035	-0.1133	-0.065	-0.0612	-0.0108	0.5206	-1	127
1036	0.1059	-0.0937	0.2012	0.016	0.8424	-1	127
1036	-0.074	0.0016	0.0144	0.1336	0.6741	-1	127
1036	-0.1963	-0.4373	0.0501	-0.0801	0.2849	-1	127
1037	0.1049	-0.0924	0.201	0.0173	0.818	-1	127
1037	-0.0757	-0.0115	0.0174	0.1358	0.2765	-1	127
1038	0.1067	-0.0875	0.2021	0.0203	0.8112	-1	127
1038	-0.0615	-0.0231	0.0207	0.1332	0.5293	-1	127
1038	-0.0926	-0.0593	0.0212	0.1337	0.3734	-1	127
1039	0.1079	-0.0845	0.2032	0.0195	0.7787	-1	127
1039	-0.0604	-0.0144	0.016	0.1325	0.3614	-1	127
1040	0.1022	-0.0806	0.2024	0.0207	0.7781	-1	127
1040	-0.1109	-0.0773	0.0189	0.1395	0.6186	-1	127
1041	0.1016	-0.086	0.2001	0.0189	0.7933	-1	127
1041	-0.0794	-0.011	0.0166	0.1392	0.6893	-1	127
1041	-0.1523	0.2013	-0.0979	0.265	0.6571	-1	127
1042	0.1039	-0.0873	0.2024	0.019	0.7822	-1	127
1042	-0.0779	-0.0232	0.0222	0.138	0.7708	-1	127
1042	-0.1513	0.2013	-0.0969	0.261	0.7387	-1	127
1043	0.1089	-0.0889	0.2079	0.0196	0.8281	-1	127
1043	-0.0758	-0.0187	0.0213	0.1373	0.741	-1	127
1043	-0.1473	0.203	-0.0958	0.2632	0.4795	-1	127
1043	-0.079	-0.0732	0.0246	0.14	0.2747	-1	127
1044	0.1092	-0.0886	0.2062	0.0199	0.8329	-1	127
1044	-0.0744	-0.0129	0.0199	0.1371	0.7284	-1	127
1044	-0.1472	0.2028	-0.0962	0.2621	0.3429	-1	127
1045	0.1016	-0.0858	0.2003	0.0189	0.8175	-1	127
1045	-0.0776	-0.0044	0.0133	0.1372	0.69	-1	127
1045	-0.1463	0.206	-0.1002	0.2656	0.6732	-1	127
1046	0.1007	-0.0857	0.1983	0.019	0.8206	-1	127
1046	-0.0822	-0.0014	0.0105	0.1432	0.5149	-1	127
1046	-0.2014	-0.422	0.0461	-0.0752	0.3799	-1	127
1047	0.0982	-0.0775	0.2001	0.0219	0.7494	-1	127
1047	-0.082	0.0053	0.0105	0.1431	0.5978	-1	127
1047	-0.197	-0.4164	0.0506	-0.0684	0.4694	-1	127
1048	0.1025	-0.077	0.2047	0.0208	0.744	-1	127
1048	-0.08	-0.021	0.0171	0.1419	0.5184	-1	127
1048	-0.1956	-0.424	0.0459	-0.0746	0.4805	-1	127
1049	0.103	-0.0861	0.2002	0.0183	0.8319	-1	127
1049	-0.0818	-0.0113	0.0119	0.1388	0.3359	-1	127
